[144, 74, 72]
[144, 55, 47]
[144, 59, 45]
[144, 74, 0]
[144, 67, 62]
[144, 67, 0]
[144, 69, 80]
[144, 55, 0]
[144, 59, 0]
[144, 69, 0]
[144, 71, 81]
[144, 57, 46]
[144, 71, 0]
[144, 72, 79]
[144, 57, 0]
[144, 72, 0]
[144, 74, 82]
[144, 59, 53]
[144, 74, 0]
[144, 67, 60]
[144, 67, 0]
[144, 67, 72]
[144, 67, 0]
[144, 59, 0]
[144, 76, 96]
[144, 60, 55]
[144, 76, 0]
[144, 72, 82]
[144, 72, 0]
[144, 74, 93]
[144, 74, 0]
[144, 76, 99]
[144, 76, 0]
[144, 78, 104]
[144, 60, 0]
[144, 78, 0]
[144, 79, 110]
[144, 59, 47]
[144, 79, 0]
[144, 67, 74]
[144, 67, 0]
[144, 67, 99]
[144, 67, 0]
[144, 59, 0]
[144, 72, 118]
[144, 57, 47]
[144, 72, 0]
[144, 74, 114]
[144, 74, 0]
[144, 72, 97]
[144, 57, 0]
[144, 72, 0]
[144, 71, 96]
[144, 54, 42]
[144, 71, 0]
[144, 69, 95]
[144, 54, 0]
[144, 69, 0]
[144, 71, 110]
[144, 55, 53]
[144, 71, 0]
[144, 72, 109]
[144, 72, 0]
[144, 71, 97]
[144, 55, 0]
[144, 71, 0]
[144, 69, 94]
[144, 60, 53]
[144, 69, 0]
[144, 67, 97]
[144, 60, 0]
[144, 67, 0]
[144, 66, 99]
[144, 62, 56]
[144, 62, 0]
[144, 66, 0]
[144, 67, 110]
[144, 59, 45]
[144, 59, 0]
[144, 67, 0]
[144, 69, 108]
[144, 69, 0]
[144, 71, 108]
[144, 55, 43]
[144, 55, 0]
[144, 71, 0]
[144, 67, 89]
[144, 67, 0]
[144, 69, 108]
[144, 62, 57]
[144, 62, 0]
[144, 50, 39]
[144, 50, 0]
[144, 60, 56]
[144, 60, 0]
[144, 59, 48]
[144, 59, 0]
[144, 57, 45]
[144, 69, 0]
[144, 57, 0]
[144, 74, 118]
[144, 59, 54]
[144, 74, 0]
[144, 67, 89]
[144, 67, 0]
[144, 69, 104]
[144, 59, 0]
[144, 69, 0]
[144, 71, 106]
[144, 57, 45]
[144, 71, 0]
[144, 72, 106]
[144, 57, 0]
[144, 72, 0]
[144, 74, 112]
[144, 55, 46]
[144, 74, 0]
[144, 55, 0]
[144, 67, 85]
[144, 59, 52]
[144, 67, 0]
[144, 59, 0]
[144, 67, 98]
[144, 55, 42]
[144, 67, 0]
[144, 55, 0]
[144, 76, 126]
[144, 60, 57]
[144, 76, 0]
[144, 72, 96]
[144, 72, 0]
[144, 74, 106]
[144, 74, 0]
[144, 76, 108]
[144, 76, 0]
[144, 78, 108]
[144, 60, 0]
[144, 78, 0]
[144, 79, 112]
[144, 59, 48]
[144, 79, 0]
[144, 59, 0]
[144, 67, 76]
[144, 60, 51]
[144, 60, 0]
[144, 59, 44]
[144, 67, 0]
[144, 59, 0]
[144, 67, 97]
[144, 57, 45]
[144, 57, 0]
[144, 55, 45]
[144, 67, 0]
[144, 55, 0]
[144, 72, 115]
[144, 57, 52]
[144, 72, 0]
[144, 74, 115]
[144, 74, 0]
[144, 72, 97]
[144, 57, 0]
[144, 72, 0]
[144, 71, 94]
[144, 54, 46]
[144, 71, 0]
[144, 69, 96]
[144, 54, 0]
[144, 69, 0]
[144, 71, 111]
[144, 55, 51]
[144, 71, 0]
[144, 72, 109]
[144, 72, 0]
[144, 71, 98]
[144, 55, 0]
[144, 71, 0]
[144, 69, 94]
[144, 59, 52]
[144, 69, 0]
[144, 67, 95]
[144, 59, 0]
[144, 67, 0]
[144, 69, 110]
[144, 60, 53]
[144, 60, 0]
[144, 69, 0]
[144, 71, 111]
[144, 62, 50]
[144, 62, 0]
[144, 71, 0]
[144, 69, 94]
[144, 69, 0]
[144, 67, 92]
[144, 50, 37]
[144, 50, 0]
[144, 67, 0]
[144, 66, 98]
[144, 66, 0]
[144, 67, 108]
[144, 55, 55]
[144, 55, 0]
[144, 43, 37]
[144, 43, 0]
[144, 67, 0]
[144, 83, 127]
[144, 55, 99]
[144, 83, 0]
[144, 79, 100]
[144, 79, 0]
[144, 81, 107]
[144, 81, 0]
[144, 83, 111]
[144, 83, 0]
[144, 79, 93]
[144, 55, 0]
[144, 79, 0]
[144, 81, 110]
[144, 54, 82]
[144, 81, 0]
[144, 74, 88]
[144, 74, 0]
[144, 76, 105]
[144, 76, 0]
[144, 78, 113]
[144, 78, 0]
[144, 74, 92]
[144, 54, 0]
[144, 74, 0]
[144, 79, 114]
[144, 52, 78]
[144, 52, 0]
[144, 79, 0]
[144, 76, 98]
[144, 55, 85]
[144, 55, 0]
[144, 76, 0]
[144, 78, 106]
[144, 78, 0]
[144, 79, 110]
[144, 52, 72]
[144, 52, 0]
[144, 79, 0]
[144, 74, 87]
[144, 74, 0]
[144, 73, 98]
[144, 57, 94]
[144, 73, 0]
[144, 71, 96]
[144, 71, 0]
[144, 73, 107]
[144, 57, 0]
[144, 73, 0]
[144, 69, 89]
[144, 45, 60]
[144, 69, 0]
[144, 45, 0]
[144, 69, 105]
[144, 57, 101]
[144, 69, 0]
[144, 71, 109]
[144, 71, 0]
[144, 73, 111]
[144, 73, 0]
[144, 74, 106]
[144, 74, 0]
[144, 76, 114]
[144, 76, 0]
[144, 78, 110]
[144, 57, 0]
[144, 78, 0]
[144, 79, 109]
[144, 59, 91]
[144, 59, 0]
[144, 79, 0]
[144, 78, 99]
[144, 62, 90]
[144, 78, 0]
[144, 62, 0]
[144, 76, 94]
[144, 61, 77]
[144, 76, 0]
[144, 61, 0]
[144, 78, 109]
[144, 62, 80]
[144, 78, 0]
[144, 62, 0]
[144, 69, 80]
[144, 54, 51]
[144, 54, 0]
[144, 69, 0]
[144, 73, 109]
[144, 57, 61]
[144, 57, 0]
[144, 73, 0]
[144, 74, 108]
[144, 62, 61]
[144, 62, 0]
[144, 50, 32]
[144, 50, 0]
[144, 60, 40]
[144, 60, 0]
[144, 74, 0]
[144, 74, 103]
[144, 59, 49]
[144, 74, 0]
[144, 59, 0]
[144, 67, 86]
[144, 62, 50]
[144, 67, 0]
[144, 66, 94]
[144, 62, 0]
[144, 66, 0]
[144, 67, 105]
[144, 59, 44]
[144, 59, 0]
[144, 67, 0]
[144, 76, 125]
[144, 60, 53]
[144, 76, 0]
[144, 60, 0]
[144, 67, 86]
[144, 64, 51]
[144, 67, 0]
[144, 66, 94]
[144, 64, 0]
[144, 66, 0]
[144, 67, 106]
[144, 60, 44]
[144, 60, 0]
[144, 67, 0]
[144, 74, 121]
[144, 59, 46]
[144, 74, 0]
[144, 59, 0]
[144, 72, 100]
[144, 57, 43]
[144, 72, 0]
[144, 57, 0]
[144, 71, 97]
[144, 55, 44]
[144, 71, 0]
[144, 55, 0]
[144, 69, 98]
[144, 62, 58]
[144, 69, 0]
[144, 67, 96]
[144, 67, 0]
[144, 66, 100]
[144, 66, 0]
[144, 67, 105]
[144, 62, 0]
[144, 67, 0]
[144, 69, 108]
[144, 69, 0]
[144, 62, 88]
[144, 50, 45]
[144, 62, 0]
[144, 64, 104]
[144, 64, 0]
[144, 66, 111]
[144, 66, 0]
[144, 67, 106]
[144, 50, 0]
[144, 67, 0]
[144, 69, 112]
[144, 54, 51]
[144, 69, 0]
[144, 71, 107]
[144, 54, 0]
[144, 71, 0]
[144, 72, 109]
[144, 52, 49]
[144, 52, 0]
[144, 72, 0]
[144, 71, 97]
[144, 55, 50]
[144, 71, 0]
[144, 55, 0]
[144, 69, 94]
[144, 54, 45]
[144, 69, 0]
[144, 54, 0]
[144, 71, 104]
[144, 55, 54]
[144, 55, 0]
[144, 71, 0]
[144, 74, 107]
[144, 74, 0]
[144, 67, 79]
[144, 47, 41]
[144, 67, 0]
[144, 47, 0]
[144, 66, 89]
[144, 50, 49]
[144, 66, 0]
[144, 50, 0]
[144, 67, 101]
[144, 55, 57]
[144, 55, 0]
[144, 50, 42]
[144, 50, 0]
[144, 43, 39]
[144, 43, 0]
[144, 67, 0]
