[144, 76, 67]0
[144, 75, 63]0.3
[128, 76, 0]0.3
[144, 76, 74]0.6
[128, 75, 0]0.6
[144, 75, 71]0.9
[128, 76, 0]0.9
[144, 76, 79]1.2
[128, 75, 0]1.2
[144, 71, 69]1.5
[128, 76, 0]1.5
[144, 74, 86]1.8
[128, 71, 0]1.8
[144, 72, 82]2.1
[128, 74, 0]2.1
[144, 69, 71]2.4
[145, 45, 55]2.4
[128, 72, 0]2.4
[145, 52, 60]2.7
[129, 45, 0]2.7
[128, 69, 0]2.97
[145, 57, 65]3.0
[129, 52, 0]3.0
[129, 57, 0]3.28
[144, 60, 72]3.3
[144, 64, 79]3.6
[128, 60, 0]3.6
[144, 69, 84]3.9
[128, 64, 0]3.9
[144, 71, 87]4.2
[145, 52, 55]4.2
[128, 69, 0]4.2
[145, 56, 55]4.5
[129, 52, 0]4.5
[128, 71, 0]4.77
[145, 59, 67]4.8
[129, 56, 0]4.8
[129, 59, 0]5.08
[144, 64, 67]5.1
[144, 68, 74]5.4
[128, 64, 0]5.4
[144, 71, 79]5.7
[128, 68, 0]5.7
[144, 72, 81]6.0
[145, 45, 56]6.0
[128, 71, 0]6.0
[145, 52, 61]6.3
[129, 45, 0]6.3
[128, 72, 0]6.57
[145, 57, 65]6.6
[129, 52, 0]6.6
[129, 57, 0]6.88
[144, 64, 70]6.9
[144, 76, 88]7.2
[128, 64, 0]7.2
[144, 75, 71]7.5
[128, 76, 0]7.5
[144, 76, 74]7.8
[128, 75, 0]7.8
[144, 75, 72]8.1
[128, 76, 0]8.1
[144, 76, 75]8.4
[128, 75, 0]8.4
[144, 71, 68]8.7
[128, 76, 0]8.71
[144, 74, 74]9.0
[128, 71, 0]9.01
[144, 72, 75]9.3
[128, 74, 0]9.31
[144, 69, 62]9.6
[145, 45, 55]9.6
[128, 72, 0]9.61
[145, 52, 57]9.9
[129, 45, 0]9.91
[128, 69, 0]10.17
[145, 57, 64]10.2
[129, 52, 0]10.21
[129, 57, 0]10.48
[144, 60, 66]10.5
[144, 64, 75]10.8
[128, 60, 0]10.81
[144, 69, 91]11.1
[128, 64, 0]11.11
[144, 71, 99]11.4
[145, 52, 57]11.4
[128, 69, 0]11.41
[145, 56, 62]11.7
[129, 52, 0]11.71
[128, 71, 0]11.97
[145, 59, 65]12.0
[129, 56, 0]12.01
[129, 59, 0]12.28
[144, 64, 69]12.3
[144, 72, 84]12.6
[128, 64, 0]12.61
[144, 71, 75]12.9
[128, 72, 0]12.91
[144, 69, 74]13.2
[145, 45, 53]13.2
[128, 71, 0]13.21
[145, 52, 54]13.5
[129, 45, 0]13.51
[145, 57, 67]13.8
[129, 52, 0]13.81
[129, 57, 0]14.08
[128, 69, 0]14.34
[144, 76, 93]14.4
[144, 75, 91]14.7
[128, 76, 0]14.71
[144, 76, 79]15.0
[128, 75, 0]15.01
[144, 75, 78]15.3
[128, 76, 0]15.31
[144, 76, 83]15.6
[128, 75, 0]15.61
[144, 71, 76]15.9
[128, 76, 0]15.91
[144, 74, 81]16.2
[128, 71, 0]16.21
[144, 72, 78]16.5
[128, 74, 0]16.51
[144, 69, 65]16.8
[145, 45, 55]16.8
[128, 72, 0]16.81
[145, 52, 60]17.1
[129, 45, 0]17.11
[128, 69, 0]17.37
[145, 57, 69]17.4
[129, 52, 0]17.41
[129, 57, 0]17.68
[144, 60, 72]17.7
[144, 64, 81]18.0
[128, 60, 0]18.01
[144, 69, 87]18.3
[128, 64, 0]18.31
[128, 69, 0]18.58
[144, 71, 82]18.6
[145, 52, 55]18.6
[145, 56, 57]18.9
[129, 52, 0]18.91
[128, 71, 0]19.2
[145, 59, 63]19.2
[129, 56, 0]19.21
[129, 59, 0]19.48
[144, 64, 73]19.5
[144, 68, 78]19.8
[128, 64, 0]19.81
[144, 71, 90]20.1
[128, 68, 0]20.11
[144, 72, 100]20.4
[145, 45, 58]20.4
[128, 71, 0]20.41
[145, 52, 61]20.7
[129, 45, 0]20.71
[128, 72, 0]20.97
[145, 57, 67]21.0
[129, 52, 0]21.01
[129, 57, 0]21.28
[144, 64, 70]21.3
[144, 76, 89]21.6
[128, 64, 0]21.61
[144, 75, 74]21.9
[128, 76, 0]21.91
[144, 76, 76]22.2
[128, 75, 0]22.21
[144, 75, 74]22.5
[128, 76, 0]22.51
[144, 76, 77]22.8
[128, 75, 0]22.81
[144, 71, 65]23.1
[128, 76, 0]23.11
[144, 74, 63]23.4
[128, 71, 0]23.41
[144, 72, 73]23.7
[128, 74, 0]23.71
[128, 72, 0]23.98
[144, 69, 75]24.0
[145, 45, 55]24.0
[145, 52, 59]24.3
[129, 45, 0]24.31
[128, 69, 0]24.6
[145, 57, 64]24.6
[129, 52, 0]24.61
[129, 57, 0]24.88
[144, 60, 69]24.9
[144, 64, 76]25.2
[128, 60, 0]25.21
[144, 69, 89]25.5
[128, 64, 0]25.51
[144, 71, 94]25.8
[145, 52, 51]25.8
[128, 69, 0]25.81
[145, 56, 54]26.1
[129, 52, 0]26.11
[128, 71, 0]26.37
[145, 59, 65]26.4
[129, 56, 0]26.41
[129, 59, 0]26.68
[144, 64, 65]26.7
[144, 72, 74]27.0
[128, 64, 0]27.01
[144, 71, 69]27.3
[128, 72, 0]27.31
[144, 69, 68]27.6
[145, 45, 55]27.6
[128, 71, 0]27.61
[145, 52, 61]27.9
[129, 45, 0]27.91
[128, 69, 0]28.17
[145, 57, 61]28.2
[129, 52, 0]28.21
[129, 57, 0]28.48
[144, 71, 70]28.5
[144, 72, 90]28.8
[128, 71, 0]28.81
[144, 74, 106]29.1
[128, 72, 0]29.11
[144, 76, 90]29.4
[145, 48, 56]29.4
[128, 74, 0]29.41
[145, 55, 61]29.7
[129, 48, 0]29.71
[145, 60, 67]30.0
[129, 55, 0]30.01
[128, 76, 0]30.25
[129, 60, 0]30.28
[144, 67, 66]30.3
[144, 77, 81]30.6
[128, 67, 0]30.61
[144, 76, 85]30.9
[128, 77, 0]30.91
[144, 74, 78]31.2
[145, 55, 54]31.2
[128, 76, 0]31.21
[145, 59, 57]31.5
[129, 55, 0]31.51
[145, 62, 66]31.8
[129, 59, 0]31.81
[128, 74, 0]32.05
[129, 62, 0]32.08
[144, 65, 62]32.1
[144, 76, 76]32.4
[128, 65, 0]32.41
[144, 74, 81]32.7
[128, 76, 0]32.71
[144, 72, 74]33.0
[145, 45, 54]33.0
[128, 74, 0]33.01
[145, 52, 64]33.3
[129, 45, 0]33.31
[145, 57, 65]33.6
[129, 52, 0]33.61
[128, 72, 0]33.85
[129, 57, 0]33.88
[144, 64, 65]33.9
[144, 74, 77]34.2
[128, 64, 0]34.21
[144, 72, 85]34.5
[128, 74, 0]34.51
[144, 71, 86]34.8
[145, 52, 51]34.8
[128, 72, 0]34.81
[145, 59, 53]35.1
[129, 52, 0]35.11
[128, 71, 0]35.37
[145, 64, 71]35.4
[129, 59, 0]35.41
[129, 64, 0]35.68
[144, 64, 75]35.7
[144, 76, 96]36.0
[128, 64, 0]36.01
[128, 76, 0]36.28
[145, 52, 59]36.3
[145, 64, 75]36.6
[129, 52, 0]36.61
[129, 64, 0]36.88
[144, 64, 75]36.9
[144, 76, 93]37.2
[128, 64, 0]37.21
[128, 76, 0]37.48
[144, 75, 81]37.5
[128, 75, 0]37.8
[144, 76, 87]37.8
[144, 75, 85]38.1
[128, 76, 0]38.11
[128, 75, 0]38.38
[144, 76, 87]38.4
[144, 75, 81]38.7
[128, 75, 0]39.0
[128, 76, 0]39.3
[144, 75, 72]39.3
[128, 75, 0]39.58
[144, 76, 73]39.6
[144, 75, 60]39.9
[128, 76, 0]39.91
[144, 76, 65]40.2
[128, 75, 0]40.21
[144, 75, 50]40.5
[128, 76, 0]40.51
[144, 76, 46]40.8
[128, 75, 0]40.81
[144, 71, 42]41.1
[128, 76, 0]41.11
[144, 74, 49]41.4
[128, 71, 0]41.41
[144, 72, 34]41.7
[128, 74, 0]41.71
[144, 69, 31]42.0
[145, 45, 51]42.0
[128, 72, 0]42.01
[145, 52, 54]42.3
[129, 45, 0]42.31
[128, 69, 0]42.57
[145, 57, 67]42.6
[129, 52, 0]42.61
[129, 57, 0]42.88
[144, 60, 35]42.9
[144, 64, 40]43.2
[128, 60, 0]43.21
[144, 69, 44]43.5
[128, 64, 0]43.51
[144, 71, 53]43.8
[145, 52, 58]43.8
[128, 69, 0]43.81
[145, 56, 58]44.1
[129, 52, 0]44.11
[128, 71, 0]44.37
[145, 59, 61]44.4
[129, 56, 0]44.41
[129, 59, 0]44.68
[144, 64, 33]44.7
[144, 68, 36]45.0
[128, 64, 0]45.01
[144, 71, 45]45.3
[128, 68, 0]45.31
[144, 72, 48]45.6
[145, 45, 55]45.6
[128, 71, 0]45.61
[145, 52, 58]45.9
[129, 45, 0]45.91
[128, 72, 0]46.17
[145, 57, 67]46.2
[129, 52, 0]46.21
[129, 57, 0]46.48
[144, 64, 33]46.5
[144, 76, 42]46.8
[128, 64, 0]46.81
[144, 75, 38]47.1
[128, 76, 0]47.11
[144, 76, 37]47.4
[128, 75, 0]47.41
[144, 75, 41]47.7
[128, 76, 0]47.71
[144, 76, 45]48.0
[128, 75, 0]48.01
[144, 71, 33]48.3
[128, 76, 0]48.31
[144, 74, 36]48.6
[128, 71, 0]48.61
[144, 72, 40]48.9
[128, 74, 0]48.91
[144, 69, 31]49.2
[145, 45, 49]49.2
[128, 72, 0]49.21
[145, 52, 62]49.5
[129, 45, 0]49.51
[128, 69, 0]49.77
[145, 57, 67]49.8
[129, 52, 0]49.81
[129, 57, 0]50.08
[144, 60, 36]50.1
[144, 64, 38]50.4
[128, 60, 0]50.41
[144, 69, 45]50.7
[128, 64, 0]50.71
[144, 71, 50]50.71
[145, 52, 53]50.71
[128, 69, 0]50.71
[145, 56, 57]50.8
[129, 52, 0]50.81
[128, 71, 0]50.85
[145, 59, 63]50.88
[129, 56, 0]50.89
[129, 59, 0]50.94
[144, 64, 38]50.95
[144, 72, 44]51.0
[128, 64, 0]51.01
[144, 71, 30]51.04
[128, 72, 0]51.04
[144, 69, 31]51.19
[145, 57, 37]51.19
[145, 60, 37]51.19
[145, 64, 37]51.19
[128, 71, 0]51.2
[128, 69, 0]52.68
[129, 57, 0]52.76
[129, 60, 0]52.76
[129, 64, 0]52.76
