[144, 71, 65]0.5
[144, 69, 53]0.62
[128, 71, 0]0.63
[144, 68, 75]0.75
[128, 69, 0]0.75
[144, 69, 81]0.88
[128, 68, 0]0.88
[144, 72, 86]1.0
[145, 57, 58]1.0
[128, 69, 0]1.0
[145, 60, 70]1.25
[145, 64, 70]1.25
[129, 57, 0]1.25
[128, 72, 0]1.47
[129, 60, 0]1.49
[129, 64, 0]1.49
[144, 74, 83]1.5
[145, 60, 63]1.5
[145, 64, 63]1.5
[144, 72, 80]1.62
[128, 74, 0]1.63
[144, 71, 73]1.75
[128, 72, 0]1.75
[144, 72, 79]1.87
[128, 71, 0]1.88
[144, 76, 83]2.0
[129, 60, 0]2.0
[129, 64, 0]2.0
[145, 57, 57]2.0
[128, 72, 0]2.0
[145, 60, 67]2.25
[145, 64, 67]2.25
[129, 57, 0]2.25
[128, 76, 0]2.47
[129, 60, 0]2.49
[129, 64, 0]2.49
[144, 77, 78]2.5
[145, 60, 61]2.5
[145, 64, 61]2.5
[144, 76, 78]2.63
[128, 77, 0]2.63
[144, 75, 72]2.75
[128, 76, 0]2.75
[144, 76, 71]2.88
[128, 75, 0]2.88
[144, 83, 89]3.0
[129, 60, 0]3.0
[129, 64, 0]3.0
[145, 57, 52]3.0
[128, 76, 0]3.0
[144, 81, 89]3.13
[128, 83, 0]3.13
[144, 80, 74]3.25
[129, 57, 0]3.25
[145, 60, 72]3.25
[145, 64, 72]3.25
[128, 81, 0]3.25
[144, 81, 77]3.38
[128, 80, 0]3.38
[144, 83, 81]3.5
[129, 60, 0]3.5
[129, 64, 0]3.5
[145, 60, 64]3.5
[145, 64, 64]3.5
[128, 81, 0]3.5
[144, 81, 77]3.63
[128, 83, 0]3.63
[144, 80, 72]3.75
[128, 81, 0]3.75
[144, 81, 75]3.88
[128, 80, 0]3.88
[144, 84, 82]4.0
[129, 60, 0]4.0
[129, 64, 0]4.0
[145, 57, 55]4.0
[128, 81, 0]4.0
[129, 57, 0]4.25
[145, 60, 72]4.25
[145, 64, 72]4.25
[128, 84, 0]4.47
[144, 81, 72]4.5
[129, 60, 0]4.5
[129, 64, 0]4.5
[145, 60, 63]4.5
[145, 64, 63]4.5
[128, 81, 0]4.62
[144, 84, 84]4.75
[128, 84, 0]4.87
[144, 79, 85]4.87
[144, 81, 85]4.92
[144, 83, 85]5.0
[128, 79, 0]5.0
[128, 81, 0]5.0
[129, 60, 0]5.0
[129, 64, 0]5.0
[145, 52, 52]5.0
[128, 83, 0]5.12
[144, 81, 72]5.25
[129, 52, 0]5.25
[145, 59, 64]5.25
[128, 81, 0]5.38
[144, 79, 70]5.5
[129, 59, 0]5.5
[145, 59, 60]5.5
[128, 79, 0]5.62
[144, 81, 87]5.75
[129, 59, 0]5.75
[145, 59, 60]5.75
[128, 81, 0]5.87
[144, 79, 81]5.87
[144, 81, 81]5.92
[144, 83, 81]6.0
[128, 79, 0]6.0
[128, 81, 0]6.0
[129, 59, 0]6.0
[145, 52, 58]6.0
[128, 83, 0]6.12
[144, 81, 74]6.25
[129, 52, 0]6.25
[145, 59, 66]6.25
[128, 81, 0]6.38
[144, 79, 68]6.5
[129, 59, 0]6.5
[145, 59, 62]6.5
[128, 79, 0]6.62
[144, 81, 82]6.75
[129, 59, 0]6.75
[145, 59, 63]6.75
[128, 81, 0]6.87
[144, 79, 80]6.87
[144, 81, 80]6.92
[144, 83, 80]7.0
[128, 79, 0]7.0
[128, 81, 0]7.0
[129, 59, 0]7.0
[145, 52, 57]7.0
[128, 83, 0]7.12
[144, 81, 71]7.25
[129, 52, 0]7.25
[145, 59, 68]7.25
[128, 81, 0]7.38
[144, 79, 71]7.5
[129, 59, 0]7.5
[145, 59, 62]7.5
[128, 79, 0]7.62
[144, 78, 71]7.75
[129, 59, 0]7.75
[145, 59, 61]7.75
[128, 78, 0]7.88
[144, 76, 66]8.0
[129, 59, 0]8.0
[145, 52, 62]8.0
[129, 52, 0]8.25
[128, 76, 0]8.25
[144, 71, 66]8.75
[144, 69, 64]8.88
[128, 71, 0]8.88
[144, 68, 71]9.0
[128, 69, 0]9.0
[144, 69, 71]9.12
[128, 68, 0]9.13
[144, 72, 79]9.25
[145, 57, 53]9.25
[128, 69, 0]9.25
[145, 60, 63]9.5
[145, 64, 63]9.5
[129, 57, 0]9.5
[128, 72, 0]9.72
[129, 60, 0]9.74
[129, 64, 0]9.74
[144, 74, 80]9.75
[145, 60, 63]9.75
[145, 64, 63]9.75
[144, 72, 71]9.88
[128, 74, 0]9.88
[144, 71, 72]10.0
[128, 72, 0]10.0
[144, 72, 78]10.12
[128, 71, 0]10.13
[144, 76, 88]10.25
[129, 60, 0]10.25
[129, 64, 0]10.25
[145, 57, 55]10.25
[128, 72, 0]10.25
[145, 60, 63]10.5
[145, 64, 63]10.5
[129, 57, 0]10.5
[128, 76, 0]10.72
[129, 60, 0]10.74
[129, 64, 0]10.74
[144, 77, 81]10.75
[145, 60, 65]10.75
[145, 64, 65]10.75
[144, 76, 76]10.88
[128, 77, 0]10.88
[144, 75, 74]11.0
[128, 76, 0]11.0
[144, 76, 79]11.12
[128, 75, 0]11.13
[144, 83, 89]11.25
[129, 60, 0]11.25
[129, 64, 0]11.25
[145, 57, 53]11.25
[128, 76, 0]11.25
[144, 81, 86]11.38
[128, 83, 0]11.38
[144, 80, 72]11.5
[129, 57, 0]11.5
[145, 60, 70]11.5
[145, 64, 70]11.5
[128, 81, 0]11.5
[144, 81, 71]11.62
[128, 80, 0]11.63
[144, 83, 81]11.75
[129, 60, 0]11.75
[129, 64, 0]11.75
[145, 60, 61]11.75
[145, 64, 61]11.75
[128, 81, 0]11.75
[144, 81, 77]11.88
[128, 83, 0]11.88
[144, 80, 70]12.0
[128, 81, 0]12.0
[144, 81, 73]12.12
[128, 80, 0]12.13
[144, 84, 88]12.25
[129, 60, 0]12.25
[129, 64, 0]12.25
[145, 57, 57]12.25
[128, 81, 0]12.25
[129, 57, 0]12.5
[145, 60, 74]12.5
[145, 64, 74]12.5
[128, 84, 0]12.72
[144, 81, 70]12.75
[129, 60, 0]12.75
[129, 64, 0]12.75
[145, 60, 60]12.75
[145, 64, 60]12.75
[128, 81, 0]12.88
[144, 84, 82]13.0
[128, 84, 0]13.12
[144, 79, 82]13.12
[144, 81, 82]13.17
[144, 83, 82]13.25
[128, 79, 0]13.25
[128, 81, 0]13.25
[129, 60, 0]13.25
[129, 64, 0]13.25
[145, 52, 55]13.25
[128, 83, 0]13.37
[144, 81, 72]13.5
[129, 52, 0]13.5
[145, 59, 64]13.5
[128, 81, 0]13.62
[144, 79, 69]13.75
[129, 59, 0]13.75
[145, 59, 62]13.75
[128, 79, 0]13.88
[144, 81, 81]14.0
[129, 59, 0]14.0
[145, 59, 59]14.0
[128, 81, 0]14.12
[144, 79, 82]14.12
[144, 81, 82]14.17
[144, 83, 82]14.25
[128, 79, 0]14.25
[128, 81, 0]14.25
[129, 59, 0]14.25
[145, 52, 56]14.25
[128, 83, 0]14.37
[144, 81, 70]14.5
[129, 52, 0]14.5
[145, 59, 67]14.5
[128, 81, 0]14.62
[144, 79, 64]14.75
[129, 59, 0]14.75
[145, 59, 59]14.75
[128, 79, 0]14.88
[144, 81, 83]15.0
[129, 59, 0]15.0
[145, 59, 61]15.0
[128, 81, 0]15.12
[144, 79, 86]15.12
[144, 81, 86]15.17
[144, 83, 86]15.25
[128, 79, 0]15.25
[128, 81, 0]15.25
[129, 59, 0]15.25
[145, 52, 58]15.25
[128, 83, 0]15.37
[144, 81, 70]15.5
[129, 52, 0]15.5
[145, 59, 62]15.5
[128, 81, 0]15.62
[144, 79, 68]15.75
[129, 59, 0]15.75
[145, 59, 63]15.75
[128, 79, 0]15.88
[144, 78, 73]16.0
[129, 59, 0]16.0
[145, 59, 61]16.0
[128, 78, 0]16.12
[144, 76, 67]16.25
[129, 59, 0]16.25
[145, 52, 61]16.25
[129, 52, 0]16.5
[128, 76, 0]16.75
[144, 76, 80]16.75
[128, 76, 0]16.88
[144, 77, 77]17.0
[128, 77, 0]17.12
[144, 79, 86]17.25
[145, 48, 93]17.25
[128, 79, 0]17.38
[129, 48, 0]17.38
[144, 79, 76]17.5
[145, 60, 123]17.5
[128, 79, 0]17.62
[129, 60, 0]17.62
[144, 81, 81]17.75
[145, 48, 90]17.75
[128, 81, 0]17.88
[144, 79, 75]17.88
[129, 48, 0]17.88
[144, 77, 73]18.0
[128, 79, 0]18.0
[144, 76, 71]18.12
[128, 77, 0]18.13
[144, 74, 66]18.25
[145, 55, 89]18.25
[128, 76, 0]18.25
[128, 74, 0]18.72
[144, 76, 79]18.75
[129, 55, 0]18.75
[128, 76, 0]18.88
[144, 77, 75]19.0
[128, 77, 0]19.13
[144, 79, 80]19.25
[145, 48, 57]19.25
[128, 79, 0]19.38
[129, 48, 0]19.38
[144, 79, 81]19.5
[145, 60, 74]19.5
[128, 79, 0]19.63
[129, 60, 0]19.63
[144, 81, 81]19.75
[145, 48, 58]19.75
[144, 79, 79]19.88
[129, 48, 0]19.88
[128, 81, 0]19.88
[144, 77, 77]20.0
[128, 79, 0]20.0
[144, 76, 71]20.13
[128, 77, 0]20.13
[144, 74, 72]20.25
[145, 55, 54]20.25
[128, 76, 0]20.25
[128, 74, 0]20.72
[144, 72, 89]20.75
[129, 55, 0]20.75
[128, 72, 0]20.88
[144, 74, 102]21.0
[128, 74, 0]21.13
[144, 76, 105]21.25
[145, 45, 56]21.25
[128, 76, 0]21.38
[129, 45, 0]21.38
[144, 76, 94]21.5
[145, 57, 69]21.5
[128, 76, 0]21.63
[129, 57, 0]21.63
[144, 77, 108]21.75
[145, 45, 55]21.75
[144, 76, 107]21.88
[129, 45, 0]21.88
[128, 77, 0]21.88
[144, 74, 94]22.0
[128, 76, 0]22.0
[144, 72, 86]22.13
[128, 74, 0]22.13
[144, 71, 95]22.25
[145, 52, 56]22.25
[128, 72, 0]22.25
[128, 71, 0]22.72
[144, 72, 101]22.75
[129, 52, 0]22.75
[128, 72, 0]22.88
[144, 74, 105]23.0
[128, 74, 0]23.13
[144, 76, 103]23.25
[145, 45, 54]23.25
[128, 76, 0]23.38
[129, 45, 0]23.38
[144, 76, 97]23.5
[145, 57, 73]23.5
[128, 76, 0]23.63
[129, 57, 0]23.63
[144, 77, 106]23.75
[145, 45, 59]23.75
[144, 76, 102]23.88
[129, 45, 0]23.88
[128, 77, 0]23.88
[144, 74, 92]24.0
[128, 76, 0]24.0
[144, 72, 89]24.13
[128, 74, 0]24.13
[144, 71, 96]24.25
[145, 52, 55]24.25
[128, 72, 0]24.25
[128, 71, 0]24.72
[144, 71, 98]24.75
[129, 52, 0]24.75
[144, 69, 86]24.88
[128, 71, 0]24.88
[144, 68, 91]25.0
[128, 69, 0]25.0
[144, 69, 90]25.13
[128, 68, 0]25.13
[144, 72, 105]25.25
[145, 57, 54]25.25
[128, 69, 0]25.25
[129, 57, 0]25.5
[145, 60, 74]25.5
[145, 64, 74]25.5
[128, 72, 0]25.72
[144, 74, 106]25.75
[129, 60, 0]25.75
[129, 64, 0]25.75
[145, 60, 60]25.75
[145, 64, 60]25.75
[144, 72, 103]25.88
[128, 74, 0]25.88
[144, 71, 94]26.0
[128, 72, 0]26.0
[144, 72, 101]26.13
[128, 71, 0]26.13
[144, 76, 108]26.25
[129, 60, 0]26.25
[129, 64, 0]26.25
[145, 57, 60]26.25
[128, 72, 0]26.25
[129, 57, 0]26.5
[145, 60, 72]26.5
[145, 64, 72]26.5
[128, 76, 0]26.72
[144, 77, 102]26.75
[129, 60, 0]26.75
[129, 64, 0]26.75
[145, 60, 62]26.75
[145, 64, 62]26.75
[144, 76, 102]26.88
[128, 77, 0]26.88
[144, 75, 94]27.0
[128, 76, 0]27.0
[144, 76, 95]27.13
[128, 75, 0]27.13
[144, 83, 113]27.25
[129, 60, 0]27.25
[129, 64, 0]27.25
[145, 57, 55]27.25
[128, 76, 0]27.25
[144, 81, 108]27.38
[128, 83, 0]27.38
[144, 80, 97]27.5
[129, 57, 0]27.5
[145, 60, 71]27.5
[145, 64, 71]27.5
[128, 81, 0]27.5
[144, 81, 104]27.63
[128, 80, 0]27.63
[144, 83, 105]27.75
[129, 60, 0]27.75
[129, 64, 0]27.75
[145, 60, 66]27.75
[145, 64, 66]27.75
[128, 81, 0]27.75
[144, 81, 92]27.88
[128, 83, 0]27.88
[144, 80, 97]28.0
[128, 81, 0]28.0
[144, 81, 106]28.13
[128, 80, 0]28.13
[144, 84, 111]28.25
[129, 60, 0]28.25
[129, 64, 0]28.25
[145, 57, 62]28.25
[145, 60, 62]28.25
[145, 63, 62]28.25
[128, 81, 0]28.25
[128, 84, 0]28.72
[144, 81, 96]28.75
[129, 57, 0]28.75
[129, 60, 0]28.75
[129, 63, 0]28.75
[128, 81, 0]28.88
[144, 83, 107]29.0
[128, 83, 0]29.13
[144, 84, 110]29.25
[145, 52, 58]29.25
[128, 84, 0]29.38
[144, 83, 100]29.5
[128, 83, 0]29.63
[144, 81, 95]29.75
[129, 52, 0]29.75
[145, 50, 57]29.75
[128, 81, 0]29.88
[144, 80, 94]30.0
[128, 80, 0]30.13
[144, 81, 103]30.25
[129, 50, 0]30.25
[145, 48, 56]30.25
[128, 81, 0]30.38
[144, 76, 89]30.5
[128, 76, 0]30.63
[144, 77, 107]30.75
[129, 48, 0]30.75
[145, 50, 59]30.75
[128, 77, 0]30.88
[144, 74, 91]31.0
[128, 74, 0]31.13
[144, 72, 96]31.25
[129, 50, 0]31.25
[145, 52, 63]31.25
[128, 72, 0]31.75
[144, 71, 93]31.75
[129, 52, 0]31.75
[145, 52, 63]31.75
[128, 71, 0]32.0
[144, 69, 94]32.0
[128, 69, 0]32.13
[144, 71, 105]32.13
[128, 71, 0]32.25
[144, 69, 92]32.25
[129, 52, 0]32.25
[145, 45, 58]32.25
[128, 69, 0]32.75
[129, 45, 0]32.75
