[144, 60, 88]0
[144, 64, 88]0
[144, 48, 87]0
[144, 55, 87]0
[128, 64, 0]0.86
[144, 64, 85]0.86
[128, 60, 0]0.87
[144, 65, 105]1.71
[128, 64, 0]1.73
[144, 67, 110]2.57
[128, 65, 0]2.59
[128, 67, 0]3.43
[144, 67, 94]3.43
[128, 48, 0]3.43
[128, 55, 0]3.43
[144, 55, 93]3.43
[144, 65, 87]4.29
[128, 67, 0]4.3
[144, 64, 92]5.14
[128, 55, 0]5.14
[144, 55, 101]5.14
[128, 65, 0]5.16
[144, 62, 88]6.0
[128, 64, 0]6.02
[144, 60, 87]6.86
[128, 55, 0]6.86
[144, 48, 100]6.86
[144, 52, 100]6.86
[144, 55, 100]6.86
[128, 62, 0]6.87
[128, 60, 0]7.71
[144, 60, 101]7.71
[144, 62, 109]8.57
[128, 60, 0]8.59
[144, 64, 103]9.43
[128, 62, 0]9.45
[128, 64, 0]10.29
[144, 64, 103]10.29
[128, 48, 0]10.29
[128, 52, 0]10.29
[128, 55, 0]10.29
[144, 55, 100]10.29
[144, 62, 100]11.57
[128, 64, 0]11.59
[128, 62, 0]12.0
[144, 59, 95]12.0
[144, 62, 95]12.0
[128, 55, 0]12.0
[144, 55, 95]12.0
[128, 59, 0]13.63
[128, 62, 0]13.63
[144, 60, 100]13.71
[144, 64, 100]13.71
[128, 55, 0]13.71
[144, 48, 97]13.71
[144, 55, 97]13.71
[128, 64, 0]14.57
[144, 64, 103]14.57
[128, 60, 0]14.59
[144, 65, 101]15.43
[128, 64, 0]15.45
[144, 67, 110]16.29
[128, 65, 0]16.3
[128, 67, 0]17.14
[144, 67, 99]17.14
[128, 48, 0]17.14
[128, 55, 0]17.14
[144, 55, 102]17.14
[144, 65, 97]18.0
[128, 67, 0]18.02
[144, 64, 96]18.86
[128, 55, 0]18.86
[144, 55, 98]18.86
[128, 65, 0]18.87
[144, 62, 87]19.71
[128, 64, 0]19.73
[144, 60, 90]20.57
[128, 55, 0]20.57
[144, 48, 97]20.57
[144, 52, 97]20.57
[144, 55, 97]20.57
[128, 62, 0]20.59
[128, 60, 0]21.43
[144, 60, 97]21.43
[144, 62, 104]22.29
[128, 60, 0]22.3
[144, 64, 103]23.14
[128, 62, 0]23.16
[144, 62, 99]24.0
[128, 48, 0]24.0
[128, 52, 0]24.0
[128, 55, 0]24.0
[144, 55, 97]24.0
[128, 64, 0]24.02
[144, 60, 91]25.29
[128, 62, 0]25.31
[128, 60, 0]25.71
[144, 60, 97]25.71
[128, 55, 0]25.71
[144, 48, 92]25.71
[128, 60, 0]27.34
[144, 62, 65]27.43
[128, 48, 0]27.43
[144, 55, 62]27.43
[128, 62, 0]28.29
[144, 62, 59]28.29
[144, 64, 65]29.14
[128, 62, 0]29.16
[144, 60, 54]30.0
[128, 64, 0]30.02
[144, 62, 59]30.86
[128, 55, 0]30.86
[144, 55, 57]30.86
[128, 60, 0]30.87
[144, 64, 66]31.71
[128, 62, 0]31.73
[144, 65, 64]32.14
[128, 64, 0]32.15
[144, 64, 59]32.57
[128, 55, 0]32.57
[144, 55, 61]32.57
[128, 65, 0]32.58
[144, 60, 50]33.43
[128, 64, 0]33.45
[144, 62, 67]34.29
[128, 55, 0]34.29
[144, 55, 58]34.29
[128, 60, 0]34.3
[144, 64, 69]35.14
[128, 62, 0]35.16
[144, 65, 65]35.57
[128, 64, 0]35.58
[144, 64, 63]36.0
[128, 55, 0]36.0
[144, 56, 62]36.0
[128, 65, 0]36.01
[144, 62, 58]36.86
[128, 64, 0]36.87
[144, 60, 55]37.71
[128, 56, 0]37.71
[144, 57, 60]37.71
[128, 62, 0]37.73
[144, 62, 63]38.57
[128, 57, 0]38.57
[144, 54, 59]38.57
[128, 60, 0]38.59
[128, 62, 0]39.38
[128, 54, 0]39.43
[144, 55, 60]39.43
[144, 64, 86]40.29
[128, 55, 0]41.14
[144, 60, 108]41.14
[128, 64, 0]42.0
[144, 64, 95]42.0
[144, 65, 98]42.86
[128, 60, 0]42.86
[144, 58, 101]42.86
[128, 64, 0]42.87
[144, 67, 105]43.71
[128, 65, 0]43.73
[128, 67, 0]44.57
[144, 67, 98]44.57
[128, 58, 0]44.57
[144, 57, 94]44.57
[144, 65, 88]45.43
[128, 67, 0]45.45
[144, 64, 94]46.29
[128, 57, 0]46.29
[144, 53, 95]46.29
[128, 65, 0]46.3
[144, 62, 90]47.14
[128, 64, 0]47.16
[144, 60, 94]48.0
[128, 53, 0]48.0
[144, 52, 95]48.0
[128, 62, 0]48.02
[128, 60, 0]48.86
[144, 60, 96]48.86
[128, 52, 0]48.86
[144, 52, 97]48.86
[144, 62, 100]49.71
[128, 52, 0]49.71
[144, 55, 96]49.71
[128, 60, 0]49.73
[144, 64, 105]50.57
[128, 55, 0]50.57
[144, 60, 112]50.57
[128, 62, 0]50.59
[144, 62, 100]51.43
[128, 60, 0]51.43
[144, 55, 94]51.43
[128, 64, 0]51.45
[144, 60, 88]52.71
[128, 62, 0]52.74
[128, 60, 0]53.14
[144, 60, 96]53.14
[128, 55, 0]53.14
[144, 48, 97]53.14
[144, 52, 97]53.14
[144, 55, 97]53.14
[128, 60, 0]54.77
[128, 48, 0]54.86
[128, 52, 0]54.86
[128, 55, 0]54.86
