[146, 56, 36]
[146, 60, 65]
[146, 44, 95]
[146, 68, 49]
[146, 72, 52]
[150, 60, 91]
[148, 56, 42]
[146, 63, 59]
[148, 60, 83]
[148, 63, 83]
[148, 67, 86]
[150, 60, 0]
[150, 63, 84]
[150, 63, 0]
[150, 65, 87]
[150, 65, 0]
[149, 63, 88]
[150, 67, 79]
[149, 65, 35]
[148, 56, 0]
[149, 67, 85]
[149, 65, 0]
[149, 69, 97]
[149, 67, 0]
[149, 63, 0]
[149, 70, 97]
[149, 69, 0]
[146, 68, 0]
[149, 72, 83]
[149, 70, 0]
[149, 74, 95]
[148, 63, 0]
[149, 72, 0]
[148, 60, 0]
[149, 76, 102]
[148, 67, 0]
[149, 74, 0]
[149, 77, 107]
[149, 76, 0]
[149, 79, 97]
[149, 77, 0]
[149, 81, 92]
[149, 79, 0]
[149, 81, 0]
[149, 82, 58]
[149, 87, 96]
[149, 82, 0]
[146, 56, 0]
[146, 72, 0]
[146, 60, 0]
[148, 60, 67]
[146, 63, 0]
[146, 44, 0]
[148, 63, 87]
[146, 79, 63]
[146, 75, 52]
[146, 63, 20]
[146, 36, 86]
[148, 67, 76]
[146, 67, 59]
[146, 60, 42]
[146, 48, 96]
[149, 87, 0]
[149, 86, 85]
[148, 72, 81]
[150, 67, 0]
[150, 65, 87]
[149, 86, 0]
[149, 82, 75]
[148, 60, 0]
[148, 72, 0]
[148, 63, 0]
[148, 67, 0]
[150, 65, 0]
[149, 84, 97]
[149, 82, 0]
[150, 67, 91]
[150, 67, 0]
[150, 65, 84]
[149, 84, 0]
[149, 86, 95]
[150, 65, 0]
[150, 67, 91]
[150, 67, 0]
[150, 65, 84]
[149, 86, 0]
[149, 87, 75]
[146, 75, 0]
[148, 58, 56]
[150, 65, 0]
[148, 61, 87]
[146, 70, 81]
[148, 65, 71]
[146, 37, 57]
[146, 36, 0]
[146, 79, 0]
[146, 67, 0]
[148, 70, 88]
[149, 87, 0]
[146, 63, 0]
[149, 89, 95]
[146, 60, 0]
[148, 58, 0]
[148, 61, 0]
[148, 65, 0]
[146, 65, 71]
[148, 70, 0]
[146, 48, 0]
[146, 49, 113]
[150, 65, 94]
[150, 65, 0]
[150, 68, 78]
[150, 68, 0]
[149, 89, 0]
[149, 87, 65]
[150, 70, 87]
[149, 85, 67]
[149, 87, 0]
[150, 70, 0]
[146, 63, 70]
[149, 85, 0]
[146, 65, 0]
[149, 89, 92]
[150, 72, 81]
[146, 61, 65]
[146, 63, 0]
[146, 63, 85]
[149, 87, 83]
[149, 89, 0]
[146, 61, 0]
[150, 72, 0]
[150, 70, 89]
[149, 85, 77]
[146, 65, 74]
[149, 87, 0]
[146, 63, 0]
[150, 70, 0]
[150, 68, 72]
[148, 73, 51]
[146, 49, 0]
[146, 70, 0]
[149, 85, 0]
[146, 37, 0]
[146, 34, 84]
[148, 77, 73]
[149, 84, 92]
[146, 65, 0]
[146, 84, 74]
[146, 60, 69]
[146, 46, 99]
[150, 68, 0]
[148, 80, 64]
[150, 64, 94]
[148, 85, 87]
[148, 73, 0]
[148, 77, 0]
[148, 80, 0]
[148, 85, 0]
[146, 87, 47]
[149, 84, 0]
[149, 87, 88]
[146, 84, 0]
[146, 84, 63]
[146, 87, 0]
[149, 87, 0]
[149, 84, 85]
[146, 87, 52]
[149, 87, 88]
[146, 84, 0]
[149, 84, 0]
[146, 84, 67]
[149, 87, 0]
[149, 84, 74]
[146, 87, 0]
[146, 87, 47]
[149, 87, 99]
[149, 84, 0]
[146, 84, 0]
[149, 87, 0]
[146, 84, 59]
[149, 84, 83]
[146, 87, 0]
[146, 87, 47]
[146, 84, 0]
[149, 87, 80]
[149, 84, 0]
[148, 63, 59]
[146, 61, 70]
[146, 39, 70]
[146, 85, 62]
[148, 67, 69]
[146, 87, 0]
[146, 34, 0]
[149, 87, 0]
[146, 60, 0]
[146, 51, 85]
[148, 70, 67]
[146, 46, 0]
[149, 85, 75]
[148, 75, 80]
[150, 64, 0]
[150, 65, 75]
[146, 87, 49]
[146, 85, 0]
[149, 87, 75]
[149, 85, 0]
[146, 85, 62]
[149, 87, 0]
[149, 85, 77]
[146, 87, 0]
[148, 63, 0]
[146, 87, 55]
[149, 87, 83]
[149, 85, 0]
[146, 85, 0]
[148, 67, 0]
[148, 75, 0]
[148, 70, 0]
[146, 85, 59]
[149, 87, 0]
[149, 85, 86]
[146, 87, 0]
[146, 87, 47]
[149, 87, 65]
[149, 85, 0]
[146, 85, 0]
[149, 87, 0]
[146, 85, 52]
[149, 85, 67]
[146, 87, 0]
[150, 65, 0]
[149, 85, 0]
[146, 61, 0]
[146, 39, 0]
[146, 51, 0]
[146, 85, 0]
[144, 68, 115]
[147, 32, 86]
[145, 75, 76]
[145, 72, 51]
[145, 82, 52]
[145, 60, 60]
[145, 55, 52]
[145, 79, 68]
[145, 63, 64]
[145, 58, 68]
[145, 79, 0]
[145, 82, 0]
[145, 75, 0]
[145, 55, 0]
[145, 60, 0]
[145, 58, 0]
[145, 63, 0]
[145, 72, 0]
[144, 68, 0]
[145, 60, 72]
[145, 53, 51]
[147, 32, 0]
[147, 38, 86]
[145, 77, 42]
[145, 72, 68]
[145, 74, 68]
[145, 68, 50]
[145, 62, 51]
[144, 80, 115]
[145, 74, 0]
[145, 72, 0]
[145, 60, 0]
[145, 77, 0]
[145, 53, 0]
[145, 62, 0]
[145, 68, 0]
[147, 38, 0]
[147, 43, 90]
[145, 80, 47]
[145, 71, 49]
[145, 59, 72]
[145, 53, 43]
[145, 77, 52]
[145, 63, 45]
[145, 74, 68]
[145, 77, 0]
[145, 59, 0]
[145, 80, 0]
[145, 53, 0]
[145, 63, 0]
[145, 71, 0]
[145, 74, 0]
[144, 80, 0]
[147, 43, 0]
[147, 36, 94]
[144, 79, 115]
[145, 75, 60]
[145, 58, 64]
[145, 70, 41]
[145, 79, 44]
[145, 62, 38]
[145, 51, 48]
[145, 55, 51]
[144, 79, 0]
[144, 75, 115]
[145, 55, 0]
[145, 75, 0]
[145, 79, 0]
[145, 58, 0]
[145, 51, 0]
[144, 75, 0]
[144, 77, 115]
[145, 70, 0]
[145, 62, 0]
[147, 36, 0]
[144, 77, 0]
[145, 61, 72]
[145, 58, 80]
[147, 39, 90]
[145, 66, 49]
[145, 70, 68]
[145, 73, 68]
[145, 54, 68]
[144, 79, 115]
[145, 73, 0]
[145, 66, 0]
[145, 58, 0]
[145, 54, 0]
[145, 61, 0]
[145, 70, 0]
[144, 79, 0]
[147, 39, 0]
[147, 32, 82]
[145, 72, 76]
[145, 58, 72]
[145, 60, 68]
[145, 54, 60]
[145, 66, 60]
[144, 80, 115]
[145, 72, 0]
[145, 60, 0]
[145, 66, 0]
[145, 54, 0]
[144, 80, 0]
[147, 32, 0]
[145, 58, 0]
[147, 37, 82]
[144, 68, 115]
[145, 61, 80]
[145, 68, 68]
[145, 65, 68]
[145, 73, 76]
[148, 85, 99]
[148, 80, 86]
[148, 77, 81]
[148, 73, 77]
[145, 65, 0]
[145, 65, 80]
[145, 68, 0]
[145, 73, 0]
[145, 65, 0]
[145, 68, 93]
[145, 65, 80]
[145, 73, 102]
[145, 73, 0]
[145, 65, 0]
[145, 68, 0]
[147, 37, 0]
[148, 85, 0]
[144, 68, 0]
[148, 73, 0]
[144, 77, 115]
[144, 76, 115]
[144, 76, 0]
[148, 77, 0]
[145, 70, 99]
[145, 75, 96]
[145, 67, 90]
[147, 37, 82]
[148, 80, 0]
[145, 61, 0]
[145, 61, 56]
[145, 67, 0]
[145, 67, 80]
[145, 75, 0]
[145, 70, 0]
[145, 75, 80]
[145, 61, 0]
[145, 67, 0]
[144, 77, 0]
[145, 75, 0]
[144, 75, 115]
[147, 37, 0]
[147, 36, 94]
[145, 72, 76]
[145, 60, 52]
[145, 70, 68]
[145, 58, 60]
[145, 67, 56]
[145, 63, 50]
[148, 84, 106]
[148, 79, 81]
[148, 75, 80]
[148, 72, 77]
[147, 36, 0]
[145, 63, 0]
[145, 58, 0]
[145, 60, 0]
[147, 39, 90]
[145, 72, 0]
[145, 70, 0]
[147, 39, 0]
[145, 67, 0]
[147, 40, 94]
[148, 84, 0]
[147, 40, 0]
[147, 41, 90]
[148, 72, 0]
[145, 66, 60]
[145, 63, 49]
[145, 57, 52]
[145, 54, 64]
[145, 69, 51]
[145, 51, 52]
[148, 79, 0]
[148, 75, 0]
[145, 69, 0]
[145, 66, 0]
[145, 63, 0]
[145, 75, 76]
[145, 66, 72]
[145, 66, 0]
[145, 75, 0]
[147, 41, 0]
[147, 29, 94]
[145, 78, 72]
[145, 69, 56]
[145, 69, 0]
[145, 78, 0]
[145, 57, 0]
[145, 51, 0]
[145, 54, 0]
[145, 72, 72]
[145, 81, 76]
[144, 75, 0]
[145, 81, 0]
[145, 72, 0]
[147, 29, 0]
[147, 34, 94]
[144, 65, 115]
[145, 58, 56]
[145, 65, 44]
[145, 56, 48]
[145, 73, 48]
[145, 77, 47]
[145, 72, 37]
[145, 80, 51]
[145, 61, 64]
[145, 77, 0]
[145, 56, 0]
[145, 65, 0]
[145, 58, 0]
[145, 73, 0]
[145, 61, 0]
[145, 80, 0]
[145, 72, 0]
[144, 65, 0]
[147, 34, 0]
[145, 68, 72]
[145, 71, 52]
[145, 63, 56]
[145, 64, 37]
[145, 75, 51]
[147, 37, 86]
[144, 73, 115]
[145, 75, 0]
[145, 63, 0]
[145, 61, 76]
[145, 73, 84]
[147, 37, 0]
[147, 30, 90]
[145, 73, 0]
[145, 68, 0]
[145, 71, 0]
[145, 64, 0]
[144, 73, 0]
[145, 61, 0]
[145, 67, 51]
[147, 36, 94]
[145, 63, 49]
[145, 70, 60]
[147, 30, 0]
[145, 72, 68]
[145, 60, 76]
[148, 80, 93]
[144, 72, 115]
[148, 75, 69]
[148, 72, 86]
[148, 68, 71]
[144, 72, 0]
[147, 36, 0]
[147, 43, 82]
[144, 68, 115]
[145, 72, 0]
[145, 70, 0]
[147, 43, 0]
[145, 67, 0]
[147, 42, 74]
[148, 68, 0]
[144, 68, 0]
[145, 63, 0]
[145, 60, 0]
[144, 70, 115]
[148, 80, 0]
[148, 72, 0]
[148, 75, 0]
[147, 42, 0]
[147, 41, 86]
[144, 72, 115]
[144, 70, 0]
[145, 51, 47]
[145, 60, 42]
[145, 66, 68]
[145, 54, 56]
[145, 57, 60]
[145, 63, 51]
[145, 69, 52]
[145, 69, 0]
[145, 66, 0]
[145, 63, 0]
[144, 72, 0]
[144, 73, 115]
[145, 69, 64]
[147, 41, 0]
[145, 72, 68]
[147, 29, 90]
[145, 75, 84]
[145, 78, 100]
[145, 57, 0]
[145, 51, 0]
[145, 54, 0]
[145, 60, 0]
[145, 69, 0]
[145, 78, 0]
[145, 75, 0]
[145, 72, 0]
[144, 73, 0]
[147, 29, 0]
[147, 34, 94]
[144, 70, 115]
[145, 62, 72]
[145, 68, 49]
[145, 60, 72]
[145, 77, 50]
[145, 65, 48]
[145, 56, 56]
[148, 82, 103]
[145, 72, 64]
[145, 74, 64]
[148, 77, 91]
[148, 74, 93]
[148, 70, 79]
[144, 70, 0]
[144, 67, 115]
[145, 74, 0]
[145, 72, 0]
[145, 68, 0]
[145, 77, 0]
[145, 60, 0]
[145, 62, 0]
[145, 56, 0]
[144, 67, 0]
[145, 65, 0]
[144, 68, 115]
[148, 82, 0]
[148, 70, 0]
[145, 73, 51]
[147, 34, 0]
[145, 77, 72]
[145, 80, 76]
[148, 77, 0]
[145, 58, 68]
[145, 56, 47]
[145, 65, 60]
[148, 74, 0]
[145, 84, 72]
[147, 39, 86]
[145, 61, 76]
[144, 68, 0]
[144, 70, 115]
[144, 70, 0]
[144, 72, 115]
[145, 56, 0]
[145, 77, 0]
[145, 65, 0]
[145, 80, 0]
[145, 58, 0]
[145, 61, 0]
[145, 84, 0]
[145, 73, 0]
[144, 72, 0]
[145, 80, 80]
[145, 55, 68]
[147, 32, 94]
[147, 39, 0]
[145, 75, 68]
[145, 72, 60]
[148, 68, 86]
[144, 68, 115]
[148, 72, 91]
[145, 75, 0]
[145, 80, 0]
[145, 58, 72]
[145, 72, 0]
[148, 75, 80]
[145, 72, 72]
[145, 67, 68]
[145, 60, 76]
[145, 70, 72]
[148, 68, 0]
[145, 60, 0]
[145, 72, 0]
[145, 55, 0]
[145, 75, 93]
[145, 70, 0]
[145, 58, 0]
[148, 68, 82]
[145, 67, 0]
[145, 75, 0]
[145, 65, 76]
[147, 32, 0]
[148, 68, 0]
[145, 73, 84]
[145, 70, 84]
[145, 58, 76]
[145, 61, 72]
[147, 34, 94]
[145, 68, 76]
[145, 77, 76]
[145, 56, 68]
[148, 75, 0]
[148, 80, 97]
[148, 72, 0]
[145, 70, 0]
[145, 73, 0]
[145, 77, 0]
[145, 68, 0]
[148, 75, 82]
[145, 58, 0]
[145, 56, 0]
[145, 65, 0]
[145, 61, 0]
[147, 34, 0]
[144, 68, 0]
[147, 39, 94]
[145, 55, 76]
[145, 84, 102]
[148, 72, 83]
[145, 80, 93]
[145, 77, 102]
[145, 73, 84]
[145, 65, 80]
[145, 61, 84]
[145, 80, 0]
[145, 77, 0]
[145, 84, 0]
[145, 82, 89]
[145, 73, 0]
[145, 65, 0]
[145, 55, 0]
[145, 61, 0]
[145, 82, 0]
[148, 80, 0]
[148, 72, 0]
[148, 75, 0]
[145, 75, 72]
[145, 60, 80]
[147, 44, 103]
[145, 79, 80]
[145, 58, 76]
[145, 55, 60]
[146, 60, 78]
[146, 63, 87]
[144, 68, 115]
[147, 39, 0]
[145, 82, 89]
[145, 63, 68]
[145, 87, 102]
[148, 68, 35]
[148, 72, 81]
[148, 68, 0]
[148, 75, 82]
[148, 80, 90]
[145, 87, 0]
[145, 82, 0]
[145, 79, 0]
[145, 75, 0]
[145, 55, 0]
[148, 68, 61]
[145, 60, 0]
[145, 63, 0]
[145, 58, 0]
[144, 68, 0]
[146, 63, 0]
[148, 68, 0]
[148, 80, 0]
[146, 60, 0]
[147, 44, 0]
[147, 38, 90]
[145, 72, 84]
[145, 74, 80]
[145, 62, 68]
[145, 53, 60]
[145, 60, 80]
[145, 77, 72]
[144, 80, 115]
[145, 68, 76]
[146, 65, 61]
[146, 62, 61]
[148, 72, 0]
[148, 75, 0]
[145, 53, 0]
[145, 74, 0]
[145, 72, 0]
[145, 60, 0]
[145, 77, 0]
[145, 68, 0]
[145, 62, 0]
[147, 38, 0]
[147, 43, 94]
[145, 63, 72]
[145, 59, 84]
[145, 80, 93]
[145, 77, 84]
[145, 53, 72]
[145, 73, 80]
[145, 71, 80]
[145, 73, 0]
[145, 74, 84]
[145, 77, 0]
[145, 59, 0]
[145, 53, 0]
[145, 80, 0]
[145, 71, 0]
[145, 63, 0]
[144, 80, 0]
[145, 74, 0]
[146, 65, 0]
[144, 79, 115]
[146, 62, 0]
[147, 43, 0]
[145, 79, 68]
[147, 36, 90]
[146, 63, 61]
[146, 67, 61]
[145, 75, 76]
[145, 58, 80]
[145, 55, 68]
[145, 70, 52]
[145, 62, 51]
[145, 51, 64]
[144, 79, 0]
[144, 75, 115]
[145, 55, 0]
[145, 58, 0]
[145, 75, 0]
[145, 51, 0]
[145, 79, 0]
[145, 70, 0]
[145, 62, 0]
[144, 75, 0]
[144, 77, 115]
[147, 36, 0]
[147, 39, 94]
[145, 78, 76]
[145, 58, 68]
[145, 73, 64]
[145, 61, 76]
[145, 82, 76]
[145, 54, 76]
[144, 77, 0]
[144, 79, 115]
[145, 82, 0]
[145, 61, 0]
[145, 78, 0]
[145, 73, 0]
[144, 79, 0]
[145, 58, 0]
[145, 54, 0]
[146, 67, 0]
[147, 39, 0]
[147, 44, 90]
[144, 80, 115]
[146, 66, 61]
[145, 77, 60]
[145, 60, 76]
[145, 81, 60]
[145, 58, 60]
[145, 54, 64]
[145, 72, 50]
[147, 44, 0]
[147, 39, 90]
[145, 60, 0]
[145, 81, 0]
[146, 63, 0]
[147, 39, 0]
[147, 32, 86]
[145, 77, 0]
[145, 58, 0]
[145, 54, 0]
[145, 72, 0]
[144, 80, 0]
[146, 66, 0]
[145, 53, 52]
[146, 65, 78]
[146, 68, 78]
[146, 61, 65]
[147, 37, 86]
[144, 68, 115]
[145, 75, 72]
[145, 72, 64]
[147, 32, 0]
[145, 77, 60]
[145, 80, 72]
[148, 85, 103]
[148, 80, 80]
[145, 60, 84]
[148, 77, 89]
[145, 77, 0]
[145, 75, 0]
[145, 80, 0]
[145, 72, 0]
[148, 73, 86]
[145, 63, 72]
[145, 65, 68]
[145, 70, 72]
[145, 53, 0]
[145, 65, 0]
[146, 65, 0]
[147, 37, 0]
[145, 63, 0]
[145, 60, 0]
[145, 70, 0]
[144, 68, 0]
[146, 61, 0]
[145, 67, 72]
[146, 68, 0]
[144, 77, 115]
[145, 55, 68]
[145, 75, 93]
[145, 70, 84]
[146, 63, 61]
[146, 70, 87]
[147, 37, 94]
[146, 67, 65]
[148, 73, 0]
[148, 85, 0]
[148, 77, 0]
[148, 80, 0]
[145, 75, 0]
[145, 58, 76]
[145, 67, 0]
[145, 70, 0]
[145, 79, 72]
[145, 63, 64]
[145, 75, 76]
[145, 70, 68]
[145, 55, 0]
[145, 79, 0]
[145, 58, 0]
[145, 75, 0]
[145, 63, 0]
[145, 70, 0]
[147, 37, 0]
[144, 77, 0]
[145, 67, 48]
[144, 75, 115]
[145, 62, 47]
[145, 51, 52]
[147, 36, 103]
[145, 70, 52]
[145, 58, 68]
[145, 55, 56]
[145, 72, 48]
[145, 75, 46]
[147, 36, 0]
[145, 62, 0]
[145, 72, 0]
[145, 67, 0]
[145, 70, 0]
[147, 42, 94]
[145, 62, 60]
[148, 84, 114]
[145, 63, 68]
[148, 79, 96]
[145, 67, 80]
[145, 75, 0]
[145, 63, 0]
[145, 67, 0]
[145, 55, 0]
[148, 75, 90]
[145, 62, 0]
[145, 70, 60]
[145, 58, 0]
[145, 51, 0]
[145, 70, 0]
[147, 42, 0]
[145, 69, 60]
[147, 41, 86]
[145, 57, 60]
[145, 51, 47]
[148, 72, 69]
[145, 63, 47]
[145, 66, 51]
[145, 54, 60]
[146, 67, 0]
[146, 70, 0]
[146, 66, 69]
[146, 71, 65]
[147, 41, 0]
[147, 36, 90]
[148, 84, 0]
[148, 72, 0]
[148, 79, 0]
[148, 75, 0]
[145, 70, 64]
[145, 66, 0]
[145, 69, 0]
[145, 57, 0]
[145, 51, 0]
[145, 63, 0]
[145, 54, 0]
[145, 70, 0]
[145, 72, 80]
[145, 72, 0]
[144, 75, 0]
[146, 71, 0]
[146, 63, 0]
[144, 65, 115]
[146, 66, 0]
[147, 34, 94]
[145, 70, 51]
[145, 68, 50]
[145, 58, 68]
[145, 73, 60]
[145, 56, 72]
[145, 53, 37]
[145, 61, 50]
[146, 72, 69]
[146, 68, 65]
[147, 36, 0]
[145, 65, 50]
[146, 65, 78]
[145, 53, 0]
[145, 58, 0]
[145, 61, 0]
[145, 65, 0]
[145, 56, 0]
[145, 70, 0]
[145, 68, 0]
[145, 73, 0]
[146, 72, 0]
[144, 65, 0]
[146, 65, 0]
[147, 34, 0]
[145, 71, 52]
[145, 63, 52]
[144, 73, 115]
[145, 56, 72]
[145, 59, 80]
[147, 37, 90]
[145, 52, 44]
[145, 68, 72]
[145, 64, 51]
[146, 64, 53]
[146, 73, 78]
[147, 37, 0]
[145, 75, 80]
[147, 42, 86]
[145, 52, 0]
[145, 59, 0]
[145, 71, 0]
[145, 73, 68]
[145, 56, 0]
[145, 68, 0]
[145, 63, 0]
[145, 75, 0]
[145, 64, 0]
[145, 73, 0]
[146, 64, 0]
[146, 68, 0]
[144, 73, 0]
[146, 73, 0]
[147, 42, 0]
[145, 63, 52]
[145, 51, 51]
[145, 58, 60]
[145, 62, 37]
[147, 36, 103]
[144, 72, 115]
[145, 72, 60]
[145, 67, 44]
[145, 70, 50]
[145, 55, 52]
[146, 63, 69]
[146, 72, 78]
[146, 67, 78]
[144, 72, 0]
[147, 39, 82]
[144, 68, 115]
[147, 36, 0]
[145, 55, 0]
[145, 62, 0]
[147, 39, 0]
[147, 40, 94]
[144, 68, 0]
[145, 72, 0]
[145, 67, 0]
[145, 58, 0]
[145, 51, 0]
[144, 70, 115]
[145, 70, 0]
[146, 67, 0]
[145, 63, 0]
[147, 40, 0]
[147, 41, 90]
[145, 63, 56]
[145, 69, 64]
[145, 51, 60]
[146, 69, 61]
[146, 66, 65]
[144, 70, 0]
[145, 66, 68]
[145, 54, 64]
[145, 57, 60]
[144, 72, 115]
[144, 70, 115]
[145, 66, 0]
[145, 69, 0]
[145, 63, 0]
[144, 70, 0]
[145, 75, 84]
[145, 66, 80]
[145, 66, 0]
[145, 75, 0]
[144, 72, 0]
[147, 41, 0]
[147, 29, 103]
[145, 69, 76]
[144, 73, 115]
[145, 78, 80]
[145, 69, 0]
[145, 78, 0]
[145, 57, 0]
[145, 51, 0]
[145, 54, 0]
[145, 72, 76]
[145, 81, 84]
[145, 81, 0]
[145, 72, 0]
[146, 69, 0]
[144, 73, 0]
[145, 79, 68]
[147, 34, 94]
[146, 62, 78]
[148, 82, 111]
[146, 66, 0]
[146, 63, 0]
[147, 29, 0]
[145, 72, 68]
[145, 74, 68]
[145, 62, 80]
[145, 68, 51]
[145, 56, 60]
[146, 68, 69]
[144, 70, 115]
[148, 77, 106]
[148, 74, 98]
[145, 79, 0]
[145, 77, 80]
[145, 68, 0]
[145, 72, 0]
[145, 74, 0]
[144, 70, 0]
[145, 77, 0]
[144, 67, 115]
[148, 70, 75]
[145, 62, 0]
[145, 56, 0]
[144, 67, 0]
[144, 68, 115]
[146, 62, 0]
[147, 34, 0]
[145, 73, 50]
[146, 72, 0]
[146, 70, 61]
[145, 77, 49]
[145, 56, 48]
[146, 61, 61]
[146, 65, 65]
[145, 65, 42]
[147, 39, 86]
[145, 61, 64]
[145, 58, 56]
[145, 80, 64]
[148, 70, 0]
[145, 84, 76]
[148, 82, 0]
[144, 68, 0]
[144, 70, 115]
[148, 77, 0]
[144, 68, 115]
[148, 74, 0]
[144, 68, 0]
[147, 39, 0]
[145, 84, 0]
[144, 70, 0]
[145, 84, 76]
[147, 39, 86]
[144, 72, 115]
[145, 80, 0]
[145, 77, 0]
[145, 84, 0]
[145, 65, 0]
[145, 56, 0]
[145, 73, 0]
[145, 61, 0]
[145, 58, 0]
[146, 70, 0]
[146, 65, 0]
[149, 68, 65]
[146, 68, 0]
[149, 72, 71]
[147, 39, 0]
[147, 32, 86]
[144, 72, 0]
[145, 75, 72]
[145, 80, 64]
[146, 61, 0]
[145, 63, 47]
[145, 55, 40]
[145, 72, 56]
[146, 68, 53]
[146, 63, 65]
[146, 60, 78]
[148, 68, 93]
[145, 58, 72]
[145, 60, 68]
[144, 68, 115]
[149, 68, 0]
[149, 73, 88]
[148, 72, 81]
[149, 72, 0]
[149, 70, 87]
[148, 68, 0]
[148, 75, 67]
[148, 72, 0]
[149, 73, 0]
[149, 68, 72]
[149, 72, 77]
[149, 70, 0]
[148, 80, 77]
[147, 32, 0]
[147, 37, 86]
[145, 80, 0]
[145, 75, 0]
[145, 55, 0]
[148, 72, 77]
[149, 68, 0]
[149, 73, 101]
[149, 70, 71]
[149, 72, 0]
[145, 72, 0]
[145, 60, 0]
[147, 37, 0]
[145, 58, 0]
[145, 63, 0]
[147, 38, 90]
[146, 60, 0]
[147, 38, 0]
[148, 68, 35]
[149, 68, 72]
[149, 72, 75]
[145, 73, 51]
[147, 39, 90]
[149, 73, 0]
[145, 61, 37]
[145, 68, 42]
[145, 56, 52]
[145, 65, 40]
[145, 53, 36]
[146, 61, 57]
[149, 70, 0]
[145, 70, 44]
[145, 58, 56]
[148, 80, 0]
[148, 68, 0]
[148, 75, 0]
[148, 72, 0]
[147, 39, 0]
[147, 39, 94]
[149, 68, 0]
[149, 72, 0]
[148, 70, 106]
[144, 68, 0]
[145, 53, 0]
[146, 61, 0]
[146, 63, 0]
[145, 56, 0]
[146, 68, 0]
[145, 58, 0]
[145, 65, 0]
[145, 68, 0]
[145, 70, 0]
[145, 73, 0]
[148, 72, 79]
[148, 70, 0]
[145, 61, 0]
[144, 75, 115]
[148, 72, 0]
[146, 75, 49]
[146, 70, 65]
[146, 72, 65]
[145, 56, 50]
[147, 32, 90]
[145, 63, 56]
[145, 60, 76]
[145, 58, 76]
[145, 70, 64]
[145, 72, 64]
[147, 39, 0]
[145, 68, 60]
[144, 75, 0]
[145, 68, 0]
[145, 72, 0]
[145, 70, 0]
[145, 75, 80]
[144, 72, 115]
[145, 70, 80]
[145, 72, 80]
[145, 68, 76]
[145, 75, 0]
[144, 72, 0]
[145, 68, 0]
[145, 70, 0]
[145, 72, 0]
[144, 75, 115]
[144, 75, 0]
[144, 72, 115]
[144, 72, 0]
[144, 75, 115]
[145, 87, 64]
[144, 75, 0]
[147, 32, 0]
[144, 72, 115]
[145, 84, 52]
[145, 82, 76]
[145, 84, 0]
[145, 87, 0]
[145, 82, 0]
[147, 32, 94]
[145, 80, 76]
[145, 80, 0]
[144, 72, 0]
[144, 75, 115]
[144, 75, 0]
[144, 72, 115]
[147, 32, 0]
[147, 44, 94]
[145, 68, 68]
[145, 70, 68]
[145, 70, 0]
[144, 72, 0]
[145, 72, 56]
[145, 68, 0]
[144, 75, 115]
[145, 72, 0]
[145, 60, 0]
[145, 75, 72]
[145, 63, 0]
[145, 56, 0]
[145, 75, 0]
[146, 72, 0]
[145, 58, 0]
[147, 44, 0]
[145, 68, 64]
[145, 70, 72]
[145, 63, 60]
[147, 34, 90]
[146, 73, 69]
[146, 68, 69]
[145, 73, 68]
[145, 56, 64]
[145, 61, 76]
[145, 58, 64]
[145, 75, 76]
[144, 75, 0]
[144, 73, 115]
[144, 73, 0]
[144, 75, 115]
[144, 75, 0]
[144, 73, 115]
[144, 73, 0]
[144, 75, 115]
[145, 56, 0]
[145, 58, 0]
[145, 61, 0]
[145, 73, 0]
[145, 70, 0]
[145, 75, 0]
[145, 68, 0]
[145, 63, 0]
[147, 34, 0]
[144, 75, 0]
[144, 73, 115]
[145, 70, 56]
[145, 67, 52]
[147, 39, 103]
[145, 75, 60]
[145, 63, 46]
[145, 55, 36]
[145, 58, 68]
[145, 61, 68]
[145, 73, 64]
[144, 73, 0]
[144, 75, 115]
[144, 73, 115]
[144, 75, 0]
[147, 39, 0]
[147, 37, 103]
[144, 75, 115]
[144, 73, 0]
[145, 61, 0]
[145, 63, 0]
[145, 55, 0]
[145, 58, 0]
[146, 73, 0]
[146, 75, 0]
[146, 70, 0]
[145, 73, 0]
[145, 75, 0]
[146, 68, 0]
[145, 70, 0]
[145, 67, 0]
[144, 75, 0]
[144, 77, 115]
[145, 75, 76]
[147, 37, 0]
[147, 36, 103]
[145, 55, 49]
[146, 79, 57]
[145, 63, 56]
[145, 60, 80]
[145, 58, 80]
[145, 72, 72]
[145, 67, 72]
[145, 70, 76]
[146, 67, 65]
[146, 75, 61]
[146, 70, 49]
[147, 39, 78]
[147, 36, 0]
[147, 39, 0]
[145, 63, 0]
[145, 55, 0]
[145, 58, 0]
[145, 60, 0]
[147, 40, 103]
[146, 79, 0]
[144, 77, 0]
[145, 67, 0]
[145, 70, 0]
[145, 75, 0]
[144, 77, 115]
[145, 72, 0]
[146, 75, 0]
[147, 40, 0]
[146, 67, 0]
[146, 70, 0]
[147, 41, 90]
[145, 66, 60]
[145, 69, 72]
[145, 54, 64]
[145, 57, 72]
[145, 60, 76]
[145, 72, 76]
[146, 78, 57]
[146, 74, 57]
[146, 66, 61]
[146, 69, 57]
[147, 41, 0]
[147, 29, 90]
[145, 57, 0]
[145, 60, 0]
[145, 54, 0]
[145, 72, 0]
[145, 69, 0]
[145, 66, 0]
[146, 74, 0]
[146, 78, 0]
[146, 69, 0]
[146, 66, 0]
[146, 68, 61]
[146, 77, 65]
[144, 77, 0]
[146, 73, 69]
[147, 34, 103]
[146, 65, 69]
[145, 56, 76]
[145, 70, 84]
[147, 29, 0]
[145, 73, 84]
[145, 68, 80]
[145, 77, 84]
[145, 61, 80]
[145, 58, 80]
[148, 75, 103]
[147, 34, 0]
[147, 41, 86]
[148, 72, 93]
[148, 75, 0]
[147, 41, 0]
[147, 34, 70]
[145, 77, 0]
[146, 77, 0]
[145, 61, 0]
[145, 70, 0]
[145, 56, 0]
[145, 73, 0]
[145, 58, 0]
[145, 68, 0]
[146, 68, 0]
[146, 65, 0]
[147, 34, 0]
[147, 39, 86]
[145, 55, 93]
[145, 71, 80]
[145, 67, 84]
[145, 73, 84]
[145, 61, 93]
[145, 78, 93]
[146, 64, 78]
[146, 78, 65]
[146, 67, 53]
[146, 71, 69]
[148, 72, 0]
[148, 72, 111]
[147, 39, 0]
[148, 73, 103]
[148, 72, 0]
[147, 39, 90]
[148, 73, 0]
[148, 72, 75]
[144, 75, 115]
[146, 67, 0]
[145, 78, 0]
[145, 61, 0]
[145, 67, 0]
[145, 55, 0]
[145, 71, 0]
[145, 73, 0]
[146, 71, 0]
[146, 73, 0]
[148, 72, 0]
[146, 78, 0]
[146, 79, 45]
[144, 75, 0]
[145, 72, 76]
[146, 64, 0]
[147, 39, 0]
[147, 32, 94]
[145, 75, 45]
[146, 72, 53]
[146, 73, 31]
[146, 75, 65]
[146, 70, 49]
[146, 63, 65]
[145, 63, 68]
[145, 60, 68]
[145, 58, 52]
[145, 70, 72]
[146, 73, 0]
[145, 68, 76]
[144, 72, 115]
[144, 72, 0]
[144, 75, 115]
[145, 68, 0]
[145, 72, 0]
[145, 75, 0]
[145, 70, 0]
[144, 75, 0]
[144, 72, 115]
[144, 72, 0]
[145, 87, 84]
[144, 75, 115]
[145, 84, 64]
[144, 75, 0]
[145, 82, 76]
[144, 72, 115]
[147, 32, 0]
[145, 80, 68]
[147, 44, 94]
[144, 72, 0]
[145, 82, 0]
[145, 84, 0]
[145, 87, 0]
[145, 80, 0]
[144, 75, 115]
[144, 75, 0]
[144, 72, 115]
[145, 68, 64]
[147, 44, 0]
[147, 39, 90]
[145, 60, 0]
[145, 63, 0]
[145, 70, 68]
[145, 58, 0]
[144, 72, 0]
[144, 75, 115]
[145, 72, 72]
[145, 70, 0]
[145, 68, 0]
[145, 72, 0]
[145, 75, 68]
[145, 75, 0]
[144, 75, 0]
[146, 75, 0]
[146, 70, 0]
[144, 74, 115]
[145, 60, 76]
[145, 62, 60]
[145, 53, 52]
[145, 77, 56]
[146, 72, 0]
[147, 39, 0]
[146, 79, 0]
[146, 63, 0]
[145, 72, 68]
[145, 74, 56]
[145, 68, 64]
[146, 68, 53]
[146, 72, 65]
[146, 62, 61]
[146, 77, 45]
[147, 38, 94]
[146, 72, 0]
[146, 74, 65]
[144, 74, 0]
[144, 77, 115]
[144, 77, 0]
[144, 74, 115]
[144, 74, 0]
[144, 77, 115]
[145, 74, 0]
[145, 72, 0]
[145, 53, 0]
[145, 77, 0]
[145, 60, 0]
[145, 68, 0]
[145, 62, 0]
[147, 38, 0]
[146, 74, 0]
[147, 44, 94]
[146, 77, 0]
[144, 77, 0]
[144, 74, 115]
[146, 68, 0]
[145, 71, 60]
[146, 62, 0]
[146, 55, 69]
[147, 44, 0]
[147, 43, 103]
[145, 75, 93]
[145, 53, 50]
[145, 63, 68]
[145, 59, 80]
[146, 76, 53]
[146, 80, 65]
[146, 71, 61]
[145, 80, 93]
[144, 74, 0]
[144, 77, 115]
[144, 77, 0]
[144, 74, 115]
[145, 75, 0]
[145, 80, 0]
[147, 43, 0]
[147, 37, 107]
[145, 71, 0]
[144, 74, 0]
[145, 75, 93]
[145, 79, 84]
[144, 77, 115]
[145, 75, 0]
[145, 53, 0]
[145, 79, 0]
[145, 59, 0]
[145, 74, 85]
[145, 77, 78]
[145, 77, 0]
[145, 74, 0]
[145, 63, 0]
[144, 77, 0]
[146, 71, 0]
[146, 55, 0]
[146, 76, 0]
[146, 80, 0]
[147, 37, 0]
[144, 79, 115]
[145, 62, 69]
[145, 70, 76]
[145, 72, 79]
[147, 36, 103]
[145, 75, 79]
[145, 55, 79]
[145, 51, 64]
[146, 75, 69]
[146, 70, 61]
[146, 79, 49]
[145, 58, 72]
[148, 82, 108]
[148, 77, 96]
[147, 36, 0]
[147, 43, 90]
[148, 73, 80]
[145, 72, 0]
[145, 51, 0]
[145, 58, 0]
[145, 75, 0]
[145, 55, 0]
[147, 43, 0]
[145, 62, 0]
[148, 70, 71]
[145, 70, 0]
[147, 42, 86]
[144, 79, 0]
[146, 79, 0]
[144, 79, 115]
[146, 75, 0]
[147, 42, 0]
[147, 41, 94]
[145, 57, 72]
[145, 62, 46]
[145, 73, 64]
[145, 69, 60]
[145, 75, 64]
[146, 74, 57]
[146, 70, 0]
[145, 51, 48]
[146, 69, 69]
[146, 78, 65]
[148, 82, 0]
[148, 70, 0]
[148, 77, 0]
[148, 73, 0]
[147, 41, 0]
[147, 29, 103]
[145, 57, 0]
[145, 51, 0]
[145, 62, 0]
[145, 73, 0]
[145, 75, 0]
[145, 69, 0]
[144, 79, 0]
[146, 69, 0]
[146, 78, 0]
[144, 82, 115]
[146, 77, 41]
[145, 67, 47]
[147, 29, 0]
[147, 34, 107]
[145, 74, 72]
[145, 56, 60]
[145, 68, 49]
[145, 79, 51]
[146, 68, 57]
[146, 72, 69]
[145, 62, 72]
[145, 72, 68]
[145, 79, 0]
[145, 77, 84]
[145, 72, 0]
[145, 74, 0]
[145, 68, 0]
[145, 77, 0]
[145, 62, 0]
[145, 67, 0]
[145, 56, 0]
[144, 82, 0]
[146, 72, 0]
[146, 74, 0]
[144, 77, 115]
[145, 73, 52]
[145, 77, 56]
[145, 65, 46]
[147, 34, 0]
[147, 39, 94]
[145, 58, 68]
[145, 61, 72]
[145, 56, 49]
[145, 80, 72]
[146, 70, 57]
[145, 84, 80]
[146, 73, 53]
[147, 39, 0]
[147, 34, 90]
[145, 82, 76]
[145, 82, 0]
[146, 73, 0]
[146, 77, 0]
[146, 68, 0]
[146, 70, 0]
[145, 84, 0]
[145, 80, 0]
[145, 77, 0]
[145, 61, 0]
[145, 73, 0]
[145, 65, 0]
[145, 56, 0]
[145, 58, 0]
[144, 77, 0]
[147, 34, 0]
[145, 60, 72]
[145, 63, 47]
[145, 58, 68]
[145, 72, 76]
[145, 70, 76]
[145, 68, 56]
[145, 75, 60]
[147, 32, 94]
[144, 68, 115]
[145, 60, 0]
[145, 72, 0]
[145, 68, 0]
[145, 75, 0]
[145, 70, 0]
[145, 58, 0]
[145, 63, 0]
[144, 68, 0]
[147, 32, 0]
[145, 62, 68]
[145, 60, 80]
[147, 38, 103]
[144, 80, 115]
[145, 65, 72]
[145, 68, 76]
[145, 72, 80]
[145, 53, 64]
[145, 53, 0]
[145, 62, 0]
[145, 60, 0]
[145, 72, 0]
[145, 65, 0]
[145, 68, 0]
[145, 59, 84]
[145, 71, 84]
[147, 38, 0]
[145, 53, 68]
[145, 63, 68]
[145, 65, 76]
[145, 68, 76]
[147, 43, 94]
[145, 71, 0]
[145, 72, 76]
[145, 53, 0]
[145, 59, 0]
[145, 68, 0]
[145, 72, 0]
[145, 74, 80]
[145, 65, 0]
[145, 63, 0]
[144, 80, 0]
[145, 74, 0]
[144, 79, 115]
[145, 72, 76]
[147, 43, 0]
[145, 58, 80]
[145, 67, 68]
[145, 75, 93]
[145, 70, 68]
[147, 36, 94]
[145, 63, 64]
[145, 60, 76]
[144, 79, 0]
[144, 75, 115]
[145, 60, 0]
[145, 63, 0]
[145, 72, 0]
[145, 58, 0]
[145, 75, 0]
[145, 67, 0]
[145, 70, 0]
[144, 75, 0]
[144, 77, 115]
[145, 66, 56]
[144, 77, 0]
[145, 54, 60]
[145, 73, 72]
[147, 36, 0]
[145, 70, 76]
[145, 58, 76]
[145, 61, 68]
[147, 39, 94]
[144, 79, 115]
[145, 77, 84]
[145, 77, 0]
[145, 61, 0]
[145, 73, 0]
[145, 70, 0]
[145, 66, 0]
[145, 54, 0]
[144, 79, 0]
[145, 58, 0]
[147, 39, 0]
[144, 80, 115]
[145, 54, 76]
[147, 46, 90]
[145, 66, 46]
[145, 60, 76]
[145, 76, 64]
[145, 72, 72]
[147, 46, 0]
[147, 44, 86]
[145, 72, 0]
[145, 60, 0]
[145, 76, 0]
[145, 54, 0]
[145, 66, 0]
[147, 44, 0]
[147, 32, 86]
[145, 53, 64]
[144, 80, 0]
[145, 68, 72]
[147, 32, 0]
[147, 37, 103]
[145, 65, 64]
[145, 73, 72]
[144, 68, 115]
[146, 68, 61]
[146, 65, 65]
[146, 61, 57]
[145, 56, 60]
[148, 85, 93]
[148, 80, 74]
[148, 77, 91]
[145, 73, 0]
[145, 65, 0]
[145, 68, 0]
[145, 61, 52]
[148, 73, 64]
[145, 53, 0]
[145, 56, 0]
[145, 73, 102]
[145, 77, 93]
[145, 68, 102]
[145, 61, 0]
[145, 68, 0]
[145, 73, 0]
[145, 77, 0]
[147, 32, 90]
[146, 65, 0]
[144, 68, 0]
[147, 37, 0]
[144, 77, 115]
[146, 61, 0]
[145, 58, 84]
[146, 68, 0]
[145, 70, 93]
[145, 79, 93]
[145, 63, 84]
[147, 32, 0]
[147, 37, 103]
[145, 67, 76]
[145, 75, 93]
[146, 63, 61]
[146, 67, 69]
[146, 70, 78]
[148, 85, 0]
[148, 73, 0]
[148, 80, 0]
[148, 77, 0]
[145, 58, 0]
[145, 67, 0]
[145, 63, 0]
[145, 70, 0]
[145, 75, 0]
[145, 79, 0]
[145, 65, 68]
[145, 56, 68]
[145, 68, 60]
[145, 73, 76]
[145, 61, 76]
[145, 77, 72]
[145, 61, 0]
[145, 73, 0]
[145, 65, 0]
[145, 56, 0]
[145, 77, 0]
[144, 77, 0]
[144, 75, 115]
[147, 37, 0]
[145, 68, 0]
[145, 70, 68]
[145, 72, 56]
[147, 36, 90]
[145, 75, 52]
[145, 55, 49]
[145, 63, 41]
[145, 58, 68]
[145, 66, 50]
[147, 36, 0]
[147, 42, 94]
[145, 63, 0]
[145, 55, 0]
[145, 58, 0]
[145, 70, 0]
[145, 72, 0]
[145, 75, 0]
[146, 67, 0]
[146, 70, 0]
[147, 42, 0]
[145, 57, 52]
[145, 51, 51]
[145, 66, 50]
[145, 72, 64]
[146, 71, 36]
[146, 66, 69]
[147, 41, 86]
[145, 69, 51]
[145, 54, 60]
[147, 41, 0]
[147, 29, 90]
[144, 75, 0]
[147, 29, 0]
[147, 32, 90]
[145, 51, 0]
[145, 57, 0]
[145, 72, 0]
[145, 69, 0]
[147, 32, 0]
[145, 54, 0]
[147, 33, 82]
[146, 71, 0]
[146, 63, 0]
[145, 66, 0]
[147, 33, 0]
[147, 34, 94]
[145, 68, 60]
[145, 61, 51]
[145, 56, 64]
[145, 65, 64]
[145, 73, 64]
[146, 66, 0]
[145, 58, 68]
[145, 70, 60]
[146, 65, 78]
[146, 72, 69]
[146, 68, 69]
[144, 65, 115]
[145, 58, 0]
[145, 70, 0]
[145, 61, 0]
[145, 65, 0]
[145, 56, 0]
[145, 73, 0]
[145, 68, 0]
[146, 72, 0]
[146, 65, 0]
[144, 65, 0]
[145, 63, 64]
[145, 64, 64]
[145, 59, 76]
[147, 34, 0]
[146, 68, 0]
[147, 37, 94]
[145, 52, 49]
[145, 56, 60]
[145, 68, 76]
[145, 71, 72]
[146, 64, 69]
[146, 73, 96]
[146, 68, 78]
[144, 73, 115]
[145, 59, 0]
[145, 71, 0]
[145, 64, 0]
[145, 63, 0]
[145, 68, 0]
[145, 63, 80]
[145, 75, 93]
[145, 68, 84]
[145, 58, 84]
[145, 70, 84]
[145, 64, 84]
[145, 52, 0]
[145, 73, 93]
[145, 70, 0]
[145, 68, 0]
[145, 75, 0]
[145, 64, 0]
[145, 63, 0]
[145, 56, 0]
[145, 73, 0]
[145, 58, 0]
[146, 68, 0]
[146, 64, 0]
[147, 37, 0]
[145, 63, 68]
[145, 51, 72]
[146, 73, 0]
[144, 73, 0]
[147, 36, 90]
[145, 72, 76]
[145, 70, 76]
[145, 58, 76]
[145, 67, 68]
[145, 55, 80]
[146, 72, 57]
[146, 67, 53]
[146, 75, 87]
[144, 72, 115]
[144, 72, 0]
[147, 39, 86]
[144, 68, 115]
[147, 36, 0]
[145, 55, 0]
[147, 39, 0]
[145, 67, 0]
[145, 70, 0]
[144, 68, 0]
[145, 72, 0]
[147, 40, 94]
[145, 63, 0]
[144, 70, 115]
[145, 51, 0]
[145, 58, 0]
[146, 67, 0]
[147, 40, 0]
[145, 57, 72]
[145, 73, 64]
[147, 41, 90]
[145, 51, 64]
[146, 69, 61]
[146, 66, 53]
[144, 70, 0]
[145, 69, 49]
[145, 63, 36]
[145, 66, 68]
[145, 54, 68]
[144, 72, 115]
[145, 73, 0]
[144, 72, 0]
[147, 41, 0]
[147, 29, 90]
[144, 73, 115]
[145, 75, 80]
[145, 69, 0]
[145, 57, 0]
[145, 66, 0]
[145, 51, 0]
[145, 63, 0]
[145, 75, 0]
[145, 54, 0]
[146, 69, 0]
[146, 72, 0]
[146, 75, 0]
[144, 73, 0]
[146, 74, 53]
[146, 66, 0]
[147, 29, 0]
[145, 56, 64]
[146, 65, 61]
[146, 68, 69]
[147, 34, 107]
[145, 72, 68]
[145, 68, 51]
[145, 74, 64]
[144, 70, 115]
[145, 62, 64]
[145, 67, 60]
[145, 68, 0]
[145, 68, 68]
[145, 72, 0]
[145, 79, 76]
[144, 70, 0]
[144, 67, 115]
[145, 79, 0]
[145, 74, 0]
[145, 77, 80]
[145, 77, 0]
[145, 68, 0]
[145, 67, 0]
[145, 62, 0]
[145, 56, 0]
[144, 67, 0]
[144, 68, 115]
[147, 34, 0]
[145, 73, 49]
[146, 74, 0]
[145, 56, 49]
[145, 65, 56]
[145, 77, 68]
[145, 58, 68]
[147, 39, 94]
[145, 61, 72]
[145, 80, 76]
[146, 73, 61]
[145, 84, 51]
[148, 82, 106]
[144, 68, 0]
[144, 70, 115]
[148, 77, 96]
[148, 75, 83]
[145, 80, 0]
[148, 70, 63]
[144, 70, 0]
[145, 84, 0]
[145, 77, 0]
[147, 34, 103]
[147, 39, 0]
[145, 79, 93]
[144, 72, 115]
[145, 79, 0]
[145, 61, 0]
[145, 65, 0]
[145, 58, 0]
[145, 56, 0]
[148, 82, 0]
[145, 73, 0]
[146, 73, 0]
[148, 70, 0]
[148, 77, 0]
[146, 65, 0]
[148, 75, 0]
[146, 68, 0]
[147, 34, 0]
[145, 55, 42]
[145, 60, 60]
[147, 32, 94]
[145, 75, 68]
[145, 63, 43]
[145, 72, 51]
[145, 80, 68]
[146, 63, 65]
[146, 72, 61]
[144, 72, 0]
[145, 58, 56]
[144, 68, 115]
[148, 68, 82]
[145, 80, 0]
[145, 75, 0]
[145, 72, 0]
[148, 72, 83]
[148, 75, 82]
[148, 80, 82]
[148, 68, 0]
[145, 55, 0]
[145, 60, 0]
[145, 58, 0]
[145, 63, 0]
[146, 72, 0]
[146, 63, 0]
[147, 32, 0]
[146, 65, 53]
[147, 34, 94]
[145, 56, 68]
[145, 65, 49]
[145, 73, 52]
[145, 61, 56]
[146, 68, 53]
[146, 73, 53]
[146, 70, 61]
[145, 70, 51]
[145, 68, 52]
[145, 58, 72]
[148, 80, 0]
[148, 72, 0]
[148, 75, 0]
[145, 56, 0]
[145, 68, 0]
[145, 58, 0]
[145, 61, 0]
[145, 73, 0]
[145, 65, 0]
[147, 34, 0]
[147, 39, 103]
[144, 68, 0]
[145, 58, 76]
[145, 65, 60]
[145, 55, 76]
[145, 61, 64]
[145, 73, 68]
[145, 67, 64]
[145, 55, 0]
[146, 70, 0]
[146, 65, 0]
[146, 68, 0]
[146, 73, 0]
[145, 61, 0]
[145, 58, 0]
[145, 73, 0]
[149, 75, 95]
[149, 70, 89]
[145, 70, 0]
[145, 65, 0]
[145, 67, 0]
[147, 44, 94]
[146, 70, 65]
[146, 72, 65]
[145, 60, 64]
[145, 63, 56]
[147, 39, 0]
[149, 68, 80]
[149, 70, 0]
[149, 75, 0]
[149, 72, 94]
[145, 56, 68]
[145, 68, 72]
[145, 68, 0]
[149, 75, 109]
[149, 70, 94]
[149, 72, 0]
[149, 68, 0]
[145, 87, 68]
[145, 84, 68]
[149, 68, 109]
[149, 75, 0]
[149, 70, 0]
[145, 82, 72]
[149, 72, 109]
[145, 84, 0]
[145, 87, 0]
[145, 80, 102]
[145, 82, 0]
[145, 80, 0]
[147, 44, 0]
[149, 72, 0]
[149, 70, 96]
[149, 75, 123]
[149, 68, 0]
[147, 39, 78]
[149, 72, 99]
[149, 68, 101]
[147, 39, 0]
[147, 44, 86]
[149, 75, 0]
[149, 70, 0]
[149, 75, 101]
[149, 70, 81]
[149, 68, 0]
[149, 72, 0]
[145, 68, 102]
[149, 68, 84]
[149, 72, 94]
[145, 70, 76]
[149, 75, 0]
[149, 70, 0]
[145, 72, 80]
[145, 70, 0]
[147, 44, 0]
[147, 39, 90]
[145, 75, 80]
[149, 70, 75]
[149, 75, 78]
[149, 68, 0]
[149, 72, 0]
[145, 60, 0]
[145, 72, 0]
[145, 68, 0]
[145, 56, 0]
[145, 63, 0]
[145, 75, 0]
[147, 39, 0]
[147, 32, 82]
[146, 72, 0]
[149, 75, 0]
[149, 68, 95]
[149, 73, 97]
[149, 70, 0]
[147, 32, 0]
[145, 56, 72]
[146, 68, 69]
[147, 34, 94]
[146, 73, 69]
[145, 75, 76]
[145, 70, 76]
[145, 61, 76]
[145, 68, 68]
[145, 63, 60]
[145, 73, 76]
[145, 58, 76]
[149, 70, 91]
[149, 75, 112]
[149, 68, 0]
[149, 73, 0]
[147, 34, 0]
[149, 68, 105]
[149, 73, 101]
[147, 34, 103]
[149, 75, 0]
[149, 70, 0]
[149, 75, 109]
[149, 70, 96]
[149, 68, 0]
[149, 73, 0]
[145, 63, 0]
[145, 75, 0]
[145, 58, 0]
[145, 61, 0]
[145, 56, 0]
[145, 70, 0]
[145, 73, 0]
[145, 68, 0]
[149, 75, 0]
[149, 68, 95]
[149, 73, 84]
[149, 70, 0]
[145, 61, 84]
[147, 39, 86]
[145, 68, 68]
[147, 34, 0]
[145, 70, 76]
[145, 56, 76]
[145, 73, 80]
[145, 58, 80]
[149, 75, 97]
[149, 70, 84]
[149, 68, 0]
[149, 73, 0]
[145, 75, 84]
[145, 56, 0]
[147, 39, 0]
[145, 68, 0]
[147, 37, 90]
[149, 68, 53]
[149, 73, 80]
[149, 75, 0]
[145, 63, 64]
[145, 67, 76]
[145, 55, 60]
[149, 70, 0]
[145, 75, 0]
[149, 70, 73]
[145, 75, 80]
[149, 68, 0]
[149, 75, 105]
[145, 70, 0]
[146, 73, 0]
[146, 70, 0]
[145, 73, 0]
[145, 55, 0]
[145, 61, 0]
[149, 73, 0]
[145, 75, 0]
[145, 67, 0]
[146, 68, 0]
[145, 63, 0]
[145, 58, 0]
[149, 73, 18]
[147, 37, 0]
[149, 70, 0]
[149, 73, 0]
[146, 79, 57]
[147, 36, 94]
[149, 75, 0]
[145, 70, 64]
[145, 79, 80]
[145, 75, 76]
[146, 67, 65]
[146, 75, 61]
[146, 70, 49]
[149, 77, 94]
[149, 72, 96]
[145, 72, 80]
[145, 51, 68]
[145, 72, 0]
[145, 75, 0]
[145, 79, 0]
[145, 55, 80]
[145, 70, 0]
[145, 70, 68]
[145, 63, 52]
[145, 67, 56]
[145, 58, 80]
[147, 36, 0]
[147, 39, 86]
[147, 39, 0]
[145, 67, 0]
[145, 55, 0]
[147, 40, 86]
[145, 51, 0]
[146, 79, 0]
[145, 70, 0]
[145, 58, 0]
[145, 63, 0]
[146, 75, 0]
[147, 40, 0]
[149, 72, 0]
[149, 77, 0]
[146, 70, 0]
[145, 51, 60]
[145, 57, 68]
[145, 69, 51]
[146, 67, 0]
[147, 41, 86]
[149, 72, 67]
[149, 77, 89]
[145, 54, 56]
[145, 66, 60]
[145, 63, 47]
[146, 78, 57]
[146, 74, 57]
[146, 66, 61]
[146, 69, 57]
[147, 41, 0]
[145, 66, 0]
[145, 57, 0]
[145, 69, 0]
[145, 54, 0]
[145, 51, 0]
[145, 63, 0]
[146, 74, 0]
[146, 78, 0]
[146, 69, 0]
[146, 66, 0]
[149, 72, 0]
[149, 77, 0]
[145, 65, 86]
[146, 65, 86]
[147, 51, 63]
[147, 39, 73]
[149, 75, 97]
[145, 84, 91]
[146, 84, 91]
[145, 65, 0]
[146, 65, 0]
[149, 63, 30]
[145, 63, 94]
[146, 63, 94]
[145, 82, 84]
[146, 82, 84]
[145, 84, 0]
[146, 84, 0]
[145, 60, 91]
[146, 60, 91]
[146, 63, 0]
[145, 63, 0]
[145, 82, 0]
[146, 82, 0]
[145, 79, 86]
[146, 79, 86]
[145, 61, 100]
[146, 61, 100]
[145, 60, 0]
[145, 80, 95]
[146, 60, 0]
[146, 80, 95]
[145, 79, 0]
[146, 79, 0]
[145, 61, 0]
[146, 61, 0]
[145, 58, 81]
[146, 58, 81]
[145, 75, 85]
[146, 75, 85]
[145, 80, 0]
[146, 80, 0]
[145, 75, 0]
[146, 75, 0]
[145, 72, 67]
[146, 72, 67]
[145, 60, 83]
[146, 60, 83]
[145, 58, 0]
[146, 58, 0]
[148, 44, 70]
[149, 75, 0]
[149, 63, 0]
[145, 72, 0]
[146, 72, 0]
[147, 39, 0]
[147, 51, 0]
[148, 56, 36]
[146, 60, 0]
[145, 60, 0]
[148, 60, 50]
[148, 63, 43]
[148, 67, 46]
[148, 72, 49]
[145, 63, 100]
[146, 63, 100]
[144, 75, 115]
[147, 56, 35]
[145, 63, 0]
[146, 63, 0]
[147, 51, 37]
[148, 56, 0]
[148, 56, 67]
[144, 75, 0]
[147, 44, 56]
[147, 60, 71]
[145, 60, 91]
[146, 60, 91]
[144, 72, 115]
[147, 63, 62]
[148, 44, 0]
[148, 60, 0]
[148, 44, 70]
[148, 60, 83]
[148, 63, 0]
[148, 63, 72]
[148, 72, 0]
[148, 67, 0]
[145, 63, 94]
[146, 63, 94]
[144, 72, 0]
[145, 60, 0]
[146, 60, 0]
[144, 75, 115]
[144, 75, 0]
[145, 60, 91]
[146, 60, 91]
[146, 63, 0]
[145, 63, 0]
[144, 72, 115]
[144, 72, 0]
[144, 75, 115]
[145, 63, 94]
[146, 63, 94]
[145, 60, 0]
[146, 60, 0]
[144, 75, 0]
[144, 72, 115]
[145, 63, 0]
[146, 63, 0]
[145, 60, 91]
[146, 60, 91]
[144, 72, 0]
[144, 75, 115]
[145, 63, 97]
[146, 63, 97]
[146, 60, 0]
[145, 60, 0]
[144, 75, 0]
[144, 72, 115]
[145, 60, 89]
[146, 60, 89]
[145, 63, 0]
[146, 63, 0]
[147, 56, 0]
[148, 56, 0]
[148, 60, 0]
[148, 63, 0]
[148, 44, 0]
[144, 75, 115]
[147, 60, 0]
[147, 63, 0]
[144, 72, 0]
[145, 63, 85]
[146, 63, 85]
[145, 60, 0]
[146, 60, 0]
[144, 75, 0]
[144, 73, 115]
[147, 44, 0]
[147, 51, 0]
[147, 58, 57]
[145, 63, 0]
[146, 63, 0]
[147, 61, 62]
[145, 61, 89]
[146, 61, 89]
[147, 46, 68]
[148, 58, 73]
[147, 65, 60]
[148, 61, 93]
[148, 65, 94]
[144, 75, 115]
[144, 73, 0]
[145, 63, 97]
[146, 63, 97]
[146, 61, 0]
[145, 61, 0]
[144, 75, 0]
[144, 73, 115]
[148, 58, 0]
[145, 63, 0]
[146, 63, 0]
[145, 61, 76]
[146, 61, 76]
[144, 75, 115]
[144, 73, 0]
[145, 63, 89]
[146, 63, 89]
[145, 61, 0]
[146, 61, 0]
[144, 75, 0]
[144, 73, 115]
[148, 55, 92]
[144, 75, 115]
[144, 73, 0]
[145, 63, 0]
[146, 63, 0]
[147, 61, 0]
[145, 65, 75]
[146, 65, 75]
[147, 61, 71]
[147, 49, 48]
[147, 46, 0]
[144, 75, 0]
[144, 77, 115]
[148, 55, 0]
[148, 61, 0]
[148, 65, 0]
[146, 65, 0]
[145, 65, 0]
[145, 67, 75]
[146, 67, 75]
[144, 79, 115]
[144, 77, 0]
[147, 61, 0]
[148, 58, 77]
[148, 63, 82]
[148, 67, 89]
[147, 49, 0]
[147, 63, 77]
[147, 51, 55]
[148, 58, 0]
[148, 67, 0]
[148, 63, 0]
[145, 67, 0]
[146, 67, 0]
[147, 65, 0]
[147, 58, 0]
[147, 63, 0]
[145, 68, 76]
[146, 68, 78]
[148, 44, 76]
[147, 56, 31]
[144, 80, 115]
[147, 60, 72]
[147, 44, 62]
[144, 79, 0]
[147, 63, 65]
[148, 51, 57]
[148, 56, 82]
[148, 60, 73]
[148, 56, 0]
[148, 63, 82]
[148, 60, 0]
[148, 68, 73]
[148, 63, 0]
[150, 56, 127]
[151, 56, 127]
[148, 63, 70]
[148, 68, 0]
[148, 63, 0]
[148, 60, 73]
[150, 56, 0]
[151, 56, 0]
[150, 60, 115]
[151, 60, 115]
[148, 60, 0]
[148, 63, 73]
[148, 63, 0]
[150, 60, 0]
[151, 60, 0]
[150, 63, 124]
[151, 63, 124]
[148, 68, 31]
[148, 68, 0]
[151, 63, 0]
[150, 63, 0]
[150, 67, 123]
[151, 67, 123]
[150, 63, 75]
[151, 63, 75]
[150, 63, 0]
[151, 63, 0]
[150, 67, 0]
[151, 67, 0]
[150, 65, 115]
[151, 65, 115]
[150, 65, 0]
[148, 51, 0]
[148, 44, 0]
[151, 65, 0]
[150, 63, 124]
[151, 63, 124]
[150, 63, 0]
[151, 63, 0]
[150, 61, 103]
[151, 61, 103]
[147, 56, 0]
[147, 60, 0]
[147, 63, 0]
[147, 51, 0]
[147, 44, 0]
[150, 61, 0]
[151, 61, 0]
[150, 65, 110]
[151, 65, 110]
[150, 75, 117]
[151, 75, 117]
[150, 47, 117]
[151, 47, 117]
[150, 80, 127]
[151, 80, 127]
[145, 68, 0]
[146, 68, 0]
[150, 47, 0]
[151, 47, 0]
[150, 75, 0]
[151, 75, 0]
[150, 80, 0]
[151, 80, 0]
[150, 65, 0]
[151, 65, 0]
[150, 63, 115]
[151, 63, 115]
[150, 75, 109]
[151, 75, 109]
[150, 79, 112]
[150, 46, 120]
[151, 79, 112]
[151, 46, 120]
[150, 46, 0]
[151, 46, 0]
[150, 75, 0]
[151, 75, 0]
[150, 79, 0]
[151, 79, 0]
[150, 63, 0]
[151, 63, 0]
[150, 44, 117]
[150, 77, 127]
[151, 77, 127]
[151, 44, 117]
[150, 61, 111]
[151, 61, 111]
[144, 80, 0]
[150, 77, 0]
[151, 77, 0]
[150, 44, 0]
[151, 44, 0]
[150, 61, 0]
[151, 61, 0]
[150, 43, 112]
[151, 43, 112]
[150, 75, 113]
[151, 75, 113]
[150, 60, 97]
[151, 60, 97]
[150, 58, 64]
[151, 58, 64]
[150, 58, 0]
[151, 58, 0]
[150, 43, 0]
[151, 43, 0]
[150, 75, 0]
[151, 75, 0]
[150, 60, 0]
[151, 60, 0]
[150, 41, 125]
[151, 41, 125]
[150, 75, 113]
[151, 75, 113]
[150, 79, 112]
[151, 79, 112]
[150, 63, 127]
[151, 63, 127]
[151, 41, 0]
[150, 41, 0]
[150, 39, 127]
[151, 39, 127]
[150, 75, 0]
[150, 79, 0]
[151, 75, 0]
[151, 79, 0]
[150, 63, 0]
[150, 39, 0]
[151, 63, 0]
[151, 39, 0]
[150, 38, 112]
[151, 38, 112]
[147, 63, 75]
[147, 67, 79]
[150, 87, 126]
[151, 87, 126]
[150, 67, 123]
[151, 67, 123]
[150, 75, 113]
[151, 75, 113]
[150, 79, 109]
[151, 79, 109]
[150, 38, 0]
[151, 38, 0]
[150, 36, 117]
[151, 36, 117]
[150, 79, 0]
[151, 79, 0]
[150, 75, 0]
[151, 75, 0]
[151, 87, 0]
[150, 87, 0]
[147, 67, 0]
[151, 67, 0]
[150, 67, 0]
[147, 63, 0]
[150, 36, 0]
[151, 36, 0]
[147, 48, 90]
[150, 68, 124]
[151, 68, 124]
[147, 60, 101]
[145, 56, 60]
[147, 56, 50]
[145, 68, 41]
[145, 75, 60]
[147, 68, 31]
[145, 72, 73]
[147, 72, 63]
[147, 75, 50]
[147, 68, 0]
[147, 63, 62]
[147, 68, 69]
[150, 44, 127]
[151, 44, 127]
[150, 92, 117]
[151, 92, 117]
[150, 75, 96]
[151, 75, 96]
[150, 80, 113]
[151, 80, 113]
[145, 80, 44]
[147, 80, 34]
[150, 75, 0]
[151, 75, 0]
[151, 80, 0]
[150, 80, 0]
[150, 68, 0]
[151, 68, 0]
[150, 44, 0]
[151, 44, 0]
[150, 92, 0]
[151, 92, 0]
[147, 63, 0]
[147, 60, 0]
[147, 48, 0]
[145, 68, 0]
[147, 68, 0]
[145, 72, 0]
[145, 80, 0]
[147, 80, 0]
[145, 75, 0]
[145, 56, 0]
[147, 72, 0]
[147, 56, 0]
[147, 75, 0]
[145, 66, 0]
