[144, 64, 48]0
[144, 60, 48]0
[128, 64, 0]1.5
[144, 62, 48]1.5
[128, 60, 0]1.5
[144, 55, 47]1.5
[128, 62, 0]3.0
[144, 60, 39]3.0
[128, 55, 0]3.0
[144, 57, 47]3.0
[128, 60, 0]4.5
[144, 59, 45]4.5
[128, 57, 0]4.5
[144, 52, 45]4.5
[128, 59, 0]6.0
[144, 57, 43]6.0
[128, 52, 0]6.0
[144, 53, 47]6.0
[128, 57, 0]7.5
[144, 55, 48]7.5
[128, 53, 0]7.5
[144, 48, 41]7.5
[128, 55, 0]9.0
[144, 57, 48]9.0
[128, 48, 0]9.0
[144, 53, 52]9.0
[128, 57, 0]10.5
[144, 59, 51]10.5
[128, 53, 0]10.5
[144, 55, 53]10.5
[128, 59, 0]10.5
[144, 64, 47]10.5
[128, 55, 0]10.5
[144, 60, 54]10.5
[128, 64, 0]12.0
[144, 62, 45]12.0
[128, 60, 0]12.0
[144, 55, 49]12.0
[128, 62, 0]13.5
[144, 60, 43]13.5
[128, 55, 0]13.5
[144, 57, 51]13.5
[128, 60, 0]15.0
[144, 59, 44]15.0
[128, 57, 0]15.0
[144, 52, 45]15.0
[128, 59, 0]16.5
[144, 57, 48]16.5
[128, 52, 0]16.5
[144, 53, 44]16.5
[128, 57, 0]18.0
[144, 55, 45]18.0
[128, 53, 0]18.0
[144, 48, 42]18.0
[128, 55, 0]19.5
[144, 57, 55]19.5
[128, 48, 0]19.5
[144, 53, 52]19.5
[128, 57, 0]21.0
[144, 59, 56]21.0
[128, 53, 0]21.0
[144, 55, 53]21.0
[128, 59, 0]22.5
[144, 67, 61]22.5
[144, 76, 61]22.5
[128, 55, 0]22.5
[144, 60, 59]22.5
[128, 67, 0]24.0
[128, 76, 0]24.0
[144, 71, 47]24.0
[144, 74, 47]24.0
[128, 60, 0]24.0
[144, 55, 46]24.0
[128, 71, 0]25.5
[128, 74, 0]25.5
[144, 72, 43]25.5
[128, 55, 0]25.5
[144, 57, 47]25.5
[128, 72, 0]27.0
[144, 67, 44]27.0
[144, 71, 44]27.0
[128, 57, 0]27.0
[144, 52, 44]27.0
[128, 67, 0]28.5
[128, 71, 0]28.5
[144, 60, 46]28.5
[144, 69, 46]28.5
[128, 52, 0]28.5
[144, 53, 49]28.5
[128, 60, 0]30.0
[128, 69, 0]30.0
[144, 64, 46]30.0
[144, 67, 46]30.0
[128, 53, 0]30.0
[144, 48, 50]30.0
[128, 64, 0]31.5
[128, 67, 0]31.5
[144, 65, 46]31.5
[144, 69, 46]31.5
[128, 48, 0]31.5
[144, 53, 53]31.5
[128, 65, 0]33.0
[128, 69, 0]33.0
[144, 62, 52]33.0
[144, 71, 52]33.0
[128, 53, 0]33.0
[144, 55, 48]33.0
[128, 62, 0]34.5
[128, 71, 0]34.5
[144, 72, 63]34.5
[128, 55, 0]34.5
[144, 60, 78]34.5
[144, 64, 78]34.5
[128, 72, 0]35.25
[144, 72, 66]35.25
[144, 74, 70]36.0
[128, 60, 0]36.0
[128, 64, 0]36.0
[144, 55, 65]36.0
[144, 62, 65]36.0
[128, 72, 0]36.01
[144, 71, 65]36.75
[128, 74, 0]36.76
[144, 72, 69]37.5
[128, 55, 0]37.5
[128, 62, 0]37.5
[144, 57, 56]37.5
[144, 60, 56]37.5
[128, 71, 0]37.51
[144, 76, 70]38.25
[128, 72, 0]38.26
[144, 79, 75]39.0
[128, 57, 0]39.0
[128, 60, 0]39.0
[144, 52, 59]39.0
[128, 76, 0]39.01
[144, 67, 50]39.75
[128, 79, 0]39.76
[144, 69, 51]40.5
[128, 52, 0]40.5
[144, 53, 68]40.5
[144, 57, 68]40.5
[128, 67, 0]40.51
[144, 65, 60]41.25
[128, 69, 0]41.26
[144, 64, 55]42.0
[128, 53, 0]42.0
[128, 57, 0]42.0
[144, 48, 54]42.0
[128, 65, 0]42.01
[144, 67, 66]42.75
[128, 64, 0]42.76
[144, 65, 66]43.5
[128, 48, 0]43.5
[144, 53, 69]43.5
[144, 57, 69]43.5
[128, 67, 0]43.51
[144, 72, 75]44.25
[128, 65, 0]44.26
[144, 71, 75]45.0
[128, 53, 0]45.0
[128, 57, 0]45.0
[144, 55, 65]45.0
[144, 59, 65]45.0
[128, 72, 0]45.01
[144, 67, 54]45.75
[128, 71, 0]45.76
[144, 72, 62]46.5
[128, 55, 0]46.5
[128, 59, 0]46.5
[144, 60, 75]46.5
[144, 64, 75]46.5
[128, 67, 0]46.51
[128, 72, 0]47.21
[144, 76, 88]47.25
[144, 79, 97]47.62
[128, 76, 0]47.63
[128, 79, 0]48.0
[144, 79, 86]48.0
[128, 60, 0]48.0
[128, 64, 0]48.0
[144, 55, 71]48.0
[144, 81, 88]48.38
[128, 79, 0]48.38
[144, 79, 72]48.75
[128, 81, 0]48.76
[144, 77, 68]49.12
[128, 79, 0]49.13
[144, 76, 75]49.5
[128, 55, 0]49.5
[144, 57, 90]49.5
[144, 60, 90]49.5
[128, 77, 0]49.51
[128, 76, 0]50.57
[144, 76, 85]50.62
[128, 76, 0]51.0
[144, 76, 79]51.0
[128, 57, 0]51.0
[128, 60, 0]51.0
[144, 52, 78]51.0
[144, 55, 78]51.0
[144, 77, 80]51.38
[128, 76, 0]51.38
[144, 76, 78]51.75
[128, 77, 0]51.76
[144, 74, 76]52.12
[128, 76, 0]52.13
[144, 72, 76]52.5
[128, 52, 0]52.5
[128, 55, 0]52.5
[144, 53, 85]52.5
[144, 57, 85]52.5
[128, 74, 0]52.51
[144, 70, 73]52.88
[128, 72, 0]52.88
[144, 69, 75]53.25
[128, 70, 0]53.26
[144, 70, 73]53.62
[128, 69, 0]53.63
[144, 67, 73]54.0
[128, 53, 0]54.0
[128, 57, 0]54.0
[144, 48, 70]54.0
[144, 52, 70]54.0
[128, 70, 0]54.01
[144, 64, 65]54.75
[128, 67, 0]54.76
[144, 60, 72]55.5
[128, 48, 0]55.5
[128, 52, 0]55.5
[144, 53, 84]55.5
[144, 57, 84]55.5
[128, 64, 0]55.51
[144, 65, 78]56.25
[128, 60, 0]56.26
[144, 64, 78]56.62
[128, 65, 0]56.63
[144, 62, 72]57.0
[128, 53, 0]57.0
[128, 57, 0]57.0
[144, 55, 83]57.0
[144, 59, 83]57.0
[128, 64, 0]57.01
[144, 67, 92]57.75
[128, 62, 0]57.76
[144, 65, 90]58.12
[128, 67, 0]58.13
[128, 65, 0]58.48
[128, 55, 0]58.5
[128, 59, 0]58.5
[144, 60, 87]58.5
[144, 64, 87]58.5
[144, 72, 50]59.25
[144, 74, 54]60.0
[128, 60, 0]60.0
[128, 64, 0]60.0
[144, 55, 52]60.0
[128, 72, 0]60.01
[144, 71, 62]60.75
[128, 74, 0]60.76
[144, 72, 66]61.5
[128, 55, 0]61.5
[144, 57, 70]61.5
[144, 60, 70]61.5
[128, 71, 0]61.51
[144, 64, 50]62.25
[128, 72, 0]62.26
[144, 67, 59]63.0
[128, 57, 0]63.0
[128, 60, 0]63.0
[144, 52, 64]63.0
[144, 59, 64]63.0
[128, 64, 0]63.01
[144, 69, 73]64.12
[128, 67, 0]64.15
[144, 65, 64]64.5
[128, 52, 0]64.5
[128, 59, 0]64.5
[144, 53, 57]64.5
[144, 57, 57]64.5
[128, 69, 0]64.51
[144, 60, 52]65.25
[128, 65, 0]65.26
[144, 64, 57]66.0
[128, 53, 0]66.0
[128, 57, 0]66.0
[144, 48, 66]66.0
[144, 55, 66]66.0
[128, 60, 0]66.01
[144, 67, 68]66.75
[128, 64, 0]66.76
[144, 65, 56]67.5
[128, 48, 0]67.5
[128, 55, 0]67.5
[144, 53, 58]67.5
[144, 57, 58]67.5
[128, 67, 0]67.51
[144, 64, 54]68.25
[128, 65, 0]68.26
[144, 62, 52]69.0
[128, 53, 0]69.0
[128, 57, 0]69.0
[144, 55, 60]69.0
[144, 59, 60]69.0
[128, 64, 0]69.01
[144, 67, 63]69.75
[128, 62, 0]69.76
[144, 60, 53]70.5
[144, 64, 53]70.5
[128, 55, 0]70.5
[128, 59, 0]70.5
[144, 48, 51]70.5
[128, 67, 0]70.51
[128, 60, 0]73.35
[128, 64, 0]73.35
[128, 48, 0]73.5
