[144, 98, 84]0
[144, 100, 85]0.19
[128, 98, 0]0.19
[144, 96, 81]0.38
[128, 100, 0]0.38
[144, 93, 74]0.56
[128, 96, 0]0.57
[144, 95, 104]0.94
[128, 93, 0]0.94
[144, 91, 95]1.12
[128, 95, 0]1.13
[128, 91, 0]1.3
[144, 86, 83]1.5
[144, 88, 86]1.69
[128, 86, 0]1.69
[144, 84, 84]1.88
[128, 88, 0]1.88
[144, 81, 74]2.06
[128, 84, 0]2.07
[144, 83, 101]2.44
[128, 81, 0]2.44
[144, 67, 90]2.62
[128, 83, 0]2.63
[128, 67, 0]2.8
[144, 74, 114]3.0
[144, 76, 121]3.19
[128, 74, 0]3.19
[144, 72, 88]3.38
[128, 76, 0]3.38
[144, 69, 79]3.56
[128, 72, 0]3.57
[144, 71, 106]3.94
[128, 69, 0]3.94
[144, 69, 102]4.12
[128, 71, 0]4.13
[144, 68, 92]4.31
[128, 69, 0]4.32
[144, 67, 104]4.5
[128, 68, 0]4.5
[128, 67, 0]4.68
[144, 71, 107]5.25
[144, 79, 107]5.25
[145, 43, 80]5.25
[128, 71, 0]5.44
[128, 79, 0]5.44
[129, 43, 0]5.44
[144, 62, 69]5.62
[144, 63, 65]5.81
[128, 62, 0]5.82
[128, 63, 0]5.99
[144, 64, 104]6.0
[145, 48, 41]6.0
[144, 72, 127]6.19
[128, 64, 0]6.19
[129, 48, 0]6.38
[145, 52, 51]6.38
[145, 55, 51]6.38
[144, 64, 79]6.56
[128, 72, 0]6.57
[144, 72, 90]6.75
[129, 52, 0]6.75
[129, 55, 0]6.75
[145, 52, 44]6.75
[128, 64, 0]6.75
[144, 64, 82]7.12
[129, 52, 0]7.12
[145, 58, 60]7.12
[145, 60, 60]7.12
[128, 72, 0]7.13
[144, 72, 96]7.31
[128, 64, 0]7.32
[129, 58, 0]7.5
[129, 60, 0]7.5
[145, 53, 47]7.5
[129, 53, 0]7.88
[145, 57, 58]7.88
[145, 60, 58]7.88
[129, 57, 0]8.25
[129, 60, 0]8.25
[145, 52, 45]8.25
[128, 72, 0]8.38
[144, 72, 97]8.44
[144, 74, 99]8.62
[129, 52, 0]8.62
[145, 55, 55]8.62
[145, 60, 55]8.62
[128, 72, 0]8.63
[144, 75, 111]8.81
[128, 74, 0]8.82
[144, 76, 116]9.0
[129, 55, 0]9.0
[129, 60, 0]9.0
[145, 55, 96]9.0
[128, 75, 0]9.0
[144, 72, 88]9.19
[128, 76, 0]9.19
[144, 74, 93]9.38
[129, 55, 0]9.38
[145, 60, 118]9.38
[145, 64, 118]9.38
[128, 72, 0]9.38
[144, 76, 107]9.56
[128, 74, 0]9.57
[129, 60, 0]9.75
[129, 64, 0]9.75
[145, 55, 90]9.75
[144, 71, 92]9.94
[128, 76, 0]9.94
[144, 74, 106]10.12
[129, 55, 0]10.12
[145, 59, 104]10.12
[128, 71, 0]10.13
[144, 72, 94]10.5
[129, 59, 0]10.5
[145, 60, 105]10.5
[128, 74, 0]10.51
[129, 60, 0]10.88
[145, 55, 89]10.88
[129, 55, 0]11.25
[145, 48, 87]11.25
[128, 72, 0]11.57
[144, 62, 82]11.62
[129, 48, 0]11.62
[144, 63, 90]11.81
[128, 62, 0]11.82
[144, 64, 106]12.0
[145, 48, 44]12.0
[128, 63, 0]12.0
[144, 72, 125]12.19
[128, 64, 0]12.19
[129, 48, 0]12.38
[145, 52, 52]12.38
[145, 55, 52]12.38
[144, 64, 86]12.56
[128, 72, 0]12.57
[144, 72, 97]12.75
[129, 52, 0]12.75
[129, 55, 0]12.75
[145, 52, 45]12.75
[128, 64, 0]12.75
[144, 64, 83]13.12
[129, 52, 0]13.12
[145, 58, 59]13.12
[145, 60, 59]13.12
[128, 72, 0]13.13
[144, 72, 98]13.31
[128, 64, 0]13.32
[129, 58, 0]13.5
[129, 60, 0]13.5
[145, 53, 47]13.5
[129, 53, 0]13.88
[145, 57, 59]13.88
[145, 60, 59]13.88
[129, 57, 0]14.25
[129, 60, 0]14.25
[145, 52, 51]14.25
[128, 72, 0]14.56
[144, 69, 91]14.62
[129, 52, 0]14.62
[145, 51, 50]14.62
[144, 67, 83]14.81
[128, 69, 0]14.82
[144, 66, 98]15.0
[129, 51, 0]15.0
[145, 50, 96]15.0
[128, 67, 0]15.0
[144, 69, 102]15.19
[128, 66, 0]15.19
[144, 72, 109]15.38
[129, 50, 0]15.38
[145, 54, 109]15.38
[145, 57, 109]15.38
[128, 69, 0]15.38
[144, 76, 121]15.56
[128, 72, 0]15.57
[129, 54, 0]15.75
[129, 57, 0]15.75
[145, 50, 89]15.75
[144, 74, 88]15.94
[128, 76, 0]15.94
[144, 72, 83]16.12
[129, 50, 0]16.12
[145, 54, 106]16.12
[145, 57, 106]16.12
[128, 74, 0]16.13
[144, 69, 95]16.31
[128, 72, 0]16.32
[144, 74, 104]16.5
[129, 54, 0]16.5
[129, 57, 0]16.5
[145, 55, 103]16.5
[145, 59, 103]16.5
[128, 69, 0]16.5
[129, 55, 0]16.88
[129, 59, 0]16.88
[145, 43, 93]16.88
[129, 43, 0]17.25
[145, 45, 108]17.25
[128, 74, 0]17.57
[144, 62, 74]17.62
[129, 45, 0]17.62
[145, 47, 52]17.62
[144, 63, 71]17.81
[128, 62, 0]17.82
[144, 64, 110]18.0
[129, 47, 0]18.0
[145, 48, 49]18.0
[128, 63, 0]18.0
[144, 72, 127]18.19
[128, 64, 0]18.19
[129, 48, 0]18.38
[145, 52, 55]18.38
[145, 55, 55]18.38
[144, 64, 85]18.56
[128, 72, 0]18.57
[144, 72, 101]18.75
[129, 52, 0]18.75
[129, 55, 0]18.75
[145, 52, 47]18.75
[128, 64, 0]18.75
[144, 64, 87]19.12
[129, 52, 0]19.12
[145, 58, 59]19.12
[145, 60, 59]19.12
[128, 72, 0]19.13
[144, 72, 98]19.31
[128, 64, 0]19.32
[129, 58, 0]19.5
[129, 60, 0]19.5
[145, 53, 49]19.5
[129, 53, 0]19.88
[145, 57, 57]19.88
[145, 60, 57]19.88
[129, 57, 0]20.25
[129, 60, 0]20.25
[145, 52, 47]20.25
[128, 72, 0]20.38
[144, 72, 104]20.44
[144, 74, 113]20.62
[129, 52, 0]20.62
[145, 55, 58]20.62
[145, 60, 58]20.62
[128, 72, 0]20.63
[144, 75, 106]20.81
[128, 74, 0]20.82
[144, 76, 112]21.0
[129, 55, 0]21.0
[129, 60, 0]21.0
[145, 55, 93]21.0
[128, 75, 0]21.0
[144, 72, 90]21.19
[128, 76, 0]21.19
[144, 74, 92]21.38
[129, 55, 0]21.38
[145, 60, 119]21.38
[145, 64, 119]21.38
[128, 72, 0]21.38
[144, 76, 111]21.56
[128, 74, 0]21.57
[129, 60, 0]21.75
[129, 64, 0]21.75
[145, 55, 91]21.75
[144, 71, 95]21.94
[128, 76, 0]21.94
[144, 74, 111]22.12
[129, 55, 0]22.12
[145, 59, 106]22.12
[128, 71, 0]22.13
[144, 72, 106]22.5
[129, 59, 0]22.5
[145, 60, 100]22.5
[128, 74, 0]22.51
[129, 60, 0]22.88
[145, 55, 92]22.88
[129, 55, 0]23.25
[145, 48, 86]23.25
[128, 72, 0]23.57
[144, 72, 101]23.62
[129, 48, 0]23.62
[144, 74, 110]23.81
[128, 72, 0]23.82
[144, 76, 110]24.0
[145, 48, 89]24.0
[145, 52, 89]24.0
[145, 55, 89]24.0
[128, 74, 0]24.0
[144, 72, 98]24.19
[128, 76, 0]24.19
[144, 74, 105]24.38
[128, 72, 0]24.38
[144, 76, 113]24.56
[128, 74, 0]24.57
[129, 48, 0]24.75
[129, 52, 0]24.75
[129, 55, 0]24.75
[145, 52, 106]24.75
[145, 58, 106]24.75
[145, 60, 106]24.75
[128, 76, 0]24.92
[144, 72, 87]24.94
[144, 74, 93]25.12
[128, 72, 0]25.13
[144, 72, 96]25.31
[128, 74, 0]25.32
[144, 76, 103]25.5
[129, 52, 0]25.5
[129, 58, 0]25.5
[129, 60, 0]25.5
[145, 53, 100]25.5
[145, 57, 100]25.5
[145, 60, 100]25.5
[128, 72, 0]25.5
[144, 72, 95]25.69
[128, 76, 0]25.69
[144, 74, 101]25.88
[128, 72, 0]25.88
[144, 76, 107]26.06
[128, 74, 0]26.07
[129, 53, 0]26.25
[129, 57, 0]26.25
[129, 60, 0]26.25
[145, 53, 95]26.25
[145, 56, 95]26.25
[145, 60, 95]26.25
[128, 76, 0]26.42
[144, 72, 89]26.44
[144, 74, 92]26.62
[128, 72, 0]26.63
[144, 72, 99]26.81
[128, 74, 0]26.82
[144, 76, 108]27.0
[129, 53, 0]27.0
[129, 56, 0]27.0
[129, 60, 0]27.0
[145, 55, 106]27.0
[145, 60, 106]27.0
[145, 64, 106]27.0
[128, 72, 0]27.0
[144, 72, 90]27.19
[128, 76, 0]27.19
[144, 74, 97]27.38
[128, 72, 0]27.38
[144, 76, 106]27.56
[128, 74, 0]27.57
[129, 55, 0]27.75
[129, 60, 0]27.75
[129, 64, 0]27.75
[145, 55, 88]27.75
[144, 71, 94]27.94
[128, 76, 0]27.94
[144, 74, 108]28.12
[128, 71, 0]28.13
[144, 72, 104]28.13
[129, 55, 0]28.13
[145, 60, 109]28.13
[128, 74, 0]28.14
[129, 60, 0]28.5
[145, 55, 95]28.5
[129, 55, 0]28.88
[145, 48, 89]28.88
[128, 72, 0]29.02
[144, 64, 80]29.02
[129, 48, 0]29.02
[144, 65, 81]29.21
[128, 64, 0]29.21
[144, 66, 106]29.39
[128, 65, 0]29.4
[144, 67, 117]29.4
[145, 48, 96]29.4
[128, 66, 0]29.4
[144, 69, 110]29.77
[129, 48, 0]29.77
[145, 55, 108]29.77
[128, 67, 0]29.78
[144, 67, 106]29.96
[128, 69, 0]29.96
[129, 55, 0]30.15
[145, 43, 88]30.15
[128, 67, 0]30.31
[144, 64, 90]30.33
[144, 65, 90]30.52
[129, 43, 0]30.52
[145, 55, 108]30.52
[128, 64, 0]30.52
[144, 66, 109]30.71
[128, 65, 0]30.71
[144, 67, 115]30.9
[129, 55, 0]30.9
[145, 48, 91]30.9
[128, 66, 0]30.9
[144, 69, 107]31.27
[129, 48, 0]31.27
[145, 55, 106]31.27
[128, 67, 0]31.28
[144, 67, 103]31.46
[128, 69, 0]31.46
[129, 55, 0]31.65
[145, 43, 84]31.65
[128, 67, 0]31.81
[144, 76, 122]31.83
[144, 72, 112]32.02
[129, 43, 0]32.02
[145, 55, 110]32.02
[128, 76, 0]32.02
[144, 67, 84]32.21
[128, 72, 0]32.21
[144, 69, 85]32.4
[129, 55, 0]32.4
[145, 53, 92]32.4
[128, 67, 0]32.4
[144, 71, 107]32.58
[128, 69, 0]32.59
[144, 72, 116]32.77
[129, 53, 0]32.77
[145, 57, 114]32.77
[145, 60, 114]32.77
[128, 71, 0]32.77
[144, 74, 114]32.96
[128, 72, 0]32.96
[144, 76, 123]33.15
[129, 57, 0]33.15
[129, 60, 0]33.15
[145, 53, 93]33.15
[128, 74, 0]33.15
[144, 74, 95]33.33
[128, 76, 0]33.34
[144, 72, 84]33.52
[129, 53, 0]33.52
[145, 56, 113]33.52
[145, 60, 113]33.52
[128, 74, 0]33.52
[144, 74, 108]33.71
[128, 72, 0]33.71
[144, 67, 92]33.9
[129, 56, 0]33.9
[129, 60, 0]33.9
[145, 52, 89]33.9
[128, 74, 0]33.9
[128, 67, 0]34.25
[144, 64, 85]34.27
[129, 52, 0]34.27
[145, 55, 114]34.27
[145, 60, 114]34.27
[144, 65, 86]34.46
[128, 64, 0]34.46
[144, 69, 113]34.65
[129, 55, 0]34.65
[129, 60, 0]34.65
[145, 50, 87]34.65
[128, 65, 0]34.65
[144, 67, 114]34.83
[128, 69, 0]34.84
[144, 64, 90]35.02
[129, 50, 0]35.02
[145, 59, 105]35.02
[128, 67, 0]35.02
[144, 65, 95]35.21
[128, 64, 0]35.21
[144, 67, 107]35.4
[129, 59, 0]35.4
[145, 48, 81]35.4
[128, 65, 0]35.4
[144, 69, 116]35.77
[129, 48, 0]35.77
[145, 55, 102]35.77
[128, 67, 0]35.78
[144, 67, 95]35.96
[128, 69, 0]35.96
[129, 55, 0]36.15
[145, 43, 84]36.15
[128, 67, 0]36.31
[144, 64, 93]36.33
[144, 65, 99]36.52
[129, 43, 0]36.52
[145, 55, 107]36.52
[128, 64, 0]36.52
[144, 66, 106]36.71
[128, 65, 0]36.71
[144, 67, 112]36.9
[129, 55, 0]36.9
[145, 48, 93]36.9
[128, 66, 0]36.9
[144, 69, 109]37.27
[129, 48, 0]37.27
[145, 55, 105]37.27
[128, 67, 0]37.28
[144, 67, 105]37.46
[128, 69, 0]37.46
[129, 55, 0]37.65
[145, 52, 90]37.65
[128, 67, 0]37.81
[144, 67, 100]37.83
[144, 69, 109]38.02
[129, 52, 0]38.02
[145, 51, 94]38.02
[128, 67, 0]38.02
[144, 70, 108]38.21
[128, 69, 0]38.21
[144, 71, 115]38.4
[129, 51, 0]38.4
[145, 50, 92]38.4
[128, 70, 0]38.4
[128, 71, 0]38.58
[144, 71, 103]38.58
[129, 50, 0]38.77
[145, 59, 107]38.77
[128, 71, 0]38.96
[144, 71, 100]38.96
[129, 59, 0]39.15
[145, 50, 86]39.15
[144, 69, 91]39.33
[128, 71, 0]39.34
[144, 66, 88]39.52
[129, 50, 0]39.52
[145, 57, 102]39.52
[128, 69, 0]39.52
[144, 62, 72]39.71
[128, 66, 0]39.71
[144, 67, 117]39.9
[129, 57, 0]39.9
[145, 55, 94]39.9
[128, 62, 0]39.9
[129, 55, 0]40.27
[145, 53, 94]40.27
[129, 53, 0]40.65
[145, 52, 94]40.65
[128, 67, 0]40.79
[144, 64, 93]40.83
[144, 65, 97]41.02
[129, 52, 0]41.02
[145, 50, 91]41.02
[128, 64, 0]41.02
[144, 66, 105]41.21
[128, 65, 0]41.21
[144, 67, 114]41.4
[129, 50, 0]41.4
[145, 48, 92]41.4
[128, 66, 0]41.4
[144, 69, 110]41.77
[129, 48, 0]41.77
[145, 55, 99]41.77
[128, 67, 0]41.78
[144, 67, 100]41.96
[128, 69, 0]41.96
[129, 55, 0]42.15
[145, 43, 84]42.15
[128, 67, 0]42.31
[144, 64, 90]42.33
[144, 65, 93]42.52
[129, 43, 0]42.52
[145, 55, 109]42.52
[128, 64, 0]42.52
[144, 66, 104]42.71
[128, 65, 0]42.71
[144, 67, 109]42.9
[129, 55, 0]42.9
[145, 48, 89]42.9
[128, 66, 0]42.9
[144, 69, 106]43.27
[129, 48, 0]43.27
[145, 55, 101]43.27
[128, 67, 0]43.28
[144, 67, 103]43.46
[128, 69, 0]43.46
[129, 55, 0]43.65
[145, 43, 85]43.65
[128, 67, 0]43.81
[144, 76, 127]43.83
[144, 72, 117]44.02
[129, 43, 0]44.02
[145, 55, 110]44.02
[128, 76, 0]44.02
[144, 67, 86]44.21
[128, 72, 0]44.21
[144, 69, 90]44.4
[129, 55, 0]44.4
[145, 53, 92]44.4
[128, 67, 0]44.4
[144, 71, 106]44.58
[128, 69, 0]44.59
[144, 72, 109]44.77
[129, 53, 0]44.77
[145, 57, 115]44.77
[145, 60, 115]44.77
[128, 71, 0]44.77
[144, 74, 112]44.96
[128, 72, 0]44.96
[144, 76, 125]45.15
[129, 57, 0]45.15
[129, 60, 0]45.15
[145, 53, 95]45.15
[128, 74, 0]45.15
[144, 74, 95]45.33
[128, 76, 0]45.34
[144, 72, 88]45.52
[129, 53, 0]45.52
[145, 56, 115]45.52
[145, 60, 115]45.52
[128, 74, 0]45.52
[144, 74, 108]45.71
[128, 72, 0]45.71
[144, 72, 103]45.9
[129, 56, 0]45.9
[129, 60, 0]45.9
[145, 52, 92]45.9
[128, 74, 0]45.9
[129, 52, 0]46.27
[145, 55, 116]46.27
[145, 60, 116]46.27
[129, 55, 0]46.65
[129, 60, 0]46.65
[145, 52, 90]46.65
[128, 72, 0]46.79
[144, 67, 37]46.83
[144, 66, 35]47.02
[129, 52, 0]47.02
[145, 55, 113]47.02
[145, 60, 113]47.02
[128, 67, 0]47.02
[144, 67, 51]47.21
[128, 66, 0]47.21
[144, 72, 56]47.4
[129, 55, 0]47.4
[129, 60, 0]47.4
[145, 53, 100]47.4
[145, 57, 100]47.4
[145, 60, 100]47.4
[128, 67, 0]47.4
[144, 69, 41]47.77
[128, 72, 0]47.78
[144, 72, 45]47.96
[128, 69, 0]47.96
[129, 53, 0]48.15
[129, 57, 0]48.15
[129, 60, 0]48.15
[145, 54, 96]48.15
[145, 57, 96]48.15
[145, 60, 96]48.15
[128, 72, 0]48.31
[144, 69, 39]48.33
[144, 72, 42]48.52
[128, 69, 0]48.52
[144, 69, 47]48.71
[128, 72, 0]48.71
[144, 67, 42]48.9
[129, 54, 0]48.9
[129, 57, 0]48.9
[129, 60, 0]48.9
[145, 55, 111]48.9
[145, 60, 111]48.9
[145, 64, 111]48.9
[128, 69, 0]48.9
[144, 72, 62]49.08
[128, 67, 0]49.09
[144, 76, 86]49.27
[128, 72, 0]49.27
[144, 79, 114]49.46
[128, 76, 0]49.46
[129, 55, 0]49.65
[129, 60, 0]49.65
[129, 64, 0]49.65
[145, 55, 99]49.65
[145, 60, 99]49.65
[145, 64, 99]49.65
[128, 79, 0]49.81
[144, 76, 99]49.83
[144, 72, 89]50.02
[128, 76, 0]50.02
[144, 67, 92]50.21
[128, 72, 0]50.21
[144, 69, 93]50.4
[129, 55, 0]50.4
[129, 60, 0]50.4
[129, 64, 0]50.4
[145, 50, 84]50.4
[128, 67, 0]50.4
[144, 72, 113]50.77
[129, 50, 0]50.77
[145, 54, 119]50.77
[145, 60, 119]50.77
[128, 69, 0]50.78
[144, 76, 127]51.15
[129, 54, 0]51.15
[129, 60, 0]51.15
[145, 55, 99]51.15
[145, 59, 99]51.15
[128, 72, 0]51.15
[144, 74, 98]51.33
[128, 76, 0]51.34
[144, 72, 95]51.71
[128, 74, 0]51.72
[129, 55, 0]51.9
[129, 59, 0]51.9
[145, 60, 98]51.9
[129, 60, 0]52.27
[145, 55, 88]52.27
[128, 72, 0]52.6
[129, 55, 0]52.65
[145, 48, 89]52.65
[144, 62, 91]53.02
[129, 48, 0]53.02
[144, 63, 92]53.21
[128, 62, 0]53.21
[128, 63, 0]53.39
[144, 64, 103]53.4
[145, 48, 87]53.4
[128, 64, 0]53.58
[144, 72, 125]53.58
[129, 48, 0]53.77
[145, 52, 103]53.77
[145, 55, 103]53.77
[128, 72, 0]53.96
[144, 64, 82]53.96
[128, 64, 0]54.15
[144, 72, 120]54.15
[129, 52, 0]54.15
[129, 55, 0]54.15
[145, 52, 89]54.15
[128, 72, 0]54.52
[144, 64, 84]54.52
[129, 52, 0]54.52
[145, 58, 111]54.52
[145, 60, 111]54.52
[128, 64, 0]54.71
[144, 72, 118]54.71
[129, 58, 0]54.9
[129, 60, 0]54.9
[145, 53, 90]54.9
[129, 53, 0]55.27
[145, 57, 113]55.27
[145, 60, 113]55.27
[129, 57, 0]55.65
[129, 60, 0]55.65
[145, 52, 92]55.65
[128, 72, 0]55.83
[144, 72, 103]55.83
[144, 74, 107]56.02
[129, 52, 0]56.02
[145, 55, 111]56.02
[145, 60, 111]56.02
[128, 72, 0]56.02
[144, 75, 107]56.21
[128, 74, 0]56.21
[144, 76, 109]56.4
[129, 55, 0]56.4
[129, 60, 0]56.4
[145, 55, 95]56.4
[128, 75, 0]56.4
[144, 72, 92]56.58
[128, 76, 0]56.59
[144, 74, 98]56.77
[129, 55, 0]56.77
[145, 60, 117]56.77
[145, 64, 117]56.77
[128, 72, 0]56.77
[144, 76, 110]56.96
[128, 74, 0]56.96
[129, 60, 0]57.15
[129, 64, 0]57.15
[145, 55, 87]57.15
[144, 71, 95]57.33
[128, 76, 0]57.34
[144, 74, 111]57.52
[129, 55, 0]57.52
[145, 59, 100]57.52
[128, 71, 0]57.52
[144, 72, 99]57.9
[129, 59, 0]57.9
[145, 60, 105]57.9
[128, 74, 0]57.9
[129, 60, 0]58.27
[145, 55, 93]58.27
[129, 55, 0]58.65
[145, 48, 89]58.65
[128, 72, 0]58.96
[144, 72, 102]59.02
[129, 48, 0]59.02
[144, 74, 107]59.21
[128, 72, 0]59.21
[144, 76, 108]59.4
[145, 48, 86]59.4
[145, 52, 86]59.4
[145, 55, 86]59.4
[128, 74, 0]59.4
[144, 72, 92]59.58
[128, 76, 0]59.59
[144, 74, 105]59.77
[128, 72, 0]59.77
[144, 76, 116]59.96
[128, 74, 0]59.96
[129, 48, 0]60.15
[129, 52, 0]60.15
[129, 55, 0]60.15
[145, 52, 109]60.15
[145, 58, 109]60.15
[145, 60, 109]60.15
[128, 76, 0]60.31
[144, 72, 89]60.33
[144, 74, 90]60.52
[128, 72, 0]60.52
[144, 72, 97]60.71
[128, 74, 0]60.71
[144, 76, 107]60.9
[129, 52, 0]60.9
[129, 58, 0]60.9
[129, 60, 0]60.9
[145, 53, 101]60.9
[145, 57, 101]60.9
[145, 60, 101]60.9
[128, 72, 0]60.9
[144, 72, 93]61.08
[128, 76, 0]61.09
[144, 74, 97]61.27
[128, 72, 0]61.27
[144, 76, 109]61.46
[128, 74, 0]61.46
[129, 53, 0]61.65
[129, 57, 0]61.65
[129, 60, 0]61.65
[145, 53, 92]61.65
[145, 56, 92]61.65
[145, 60, 92]61.65
[128, 76, 0]61.81
[144, 72, 90]61.83
[144, 74, 90]62.02
[128, 72, 0]62.02
[144, 72, 97]62.21
[128, 74, 0]62.21
[144, 76, 107]62.4
[129, 53, 0]62.4
[129, 56, 0]62.4
[129, 60, 0]62.4
[145, 55, 110]62.4
[145, 60, 110]62.4
[145, 64, 110]62.4
[128, 72, 0]62.4
[144, 72, 90]62.58
[128, 76, 0]62.59
[144, 74, 92]62.77
[128, 72, 0]62.77
[144, 76, 106]62.96
[128, 74, 0]62.96
[129, 55, 0]63.15
[129, 60, 0]63.15
[129, 64, 0]63.15
[145, 55, 88]63.15
[144, 71, 91]63.33
[128, 76, 0]63.34
[144, 74, 107]63.52
[128, 71, 0]63.52
[144, 72, 103]63.52
[129, 55, 0]63.52
[145, 60, 110]63.52
[128, 74, 0]63.53
[129, 60, 0]63.9
[145, 55, 87]63.9
[129, 55, 0]64.27
[145, 48, 86]64.27
[128, 72, 0]64.42
[129, 48, 0]64.46
